frame_id,steering_angle,predicted
1479425441182877835,-0.0169280299332,-0.006139046
1479425441232704425,-0.0157079640776,-0.025306597
1479425441282730750,-0.0157079640776,-0.027203787
1479425441332806714,-0.0157079640776,-0.046158932
1479425441382790272,-0.0157079640776,-0.05463219
1479425441432724303,-0.0174532923847,-0.05593343
1479425441482746958,-0.0191986225545,-0.0667616
1479425441532802506,-0.0205366131543,-0.05899866
1479425441582725165,-0.023136996461299998,-0.04428988
1479425441632720892,-0.0292430744302,-0.040878072
1479425441682732948,-0.0410089294776,-0.04925807
1479425441732800574,-0.0514905581597,-0.054607574
1479425441782737331,-0.054105207324,-0.05400267
1479425441832816004,-0.054105207324,-0.045110237
1479425441882830087,-0.054105207324,-0.046970382
1479425441932849879,-0.054105207324,-0.042824697
1479425441982783223,-0.0523598790169,-0.044178955
1479425442032874172,-0.0523598790169,-0.046347346
1479425442082758552,-0.0519790866065,-0.03796963
1479425442132852121,-0.047615215542199996,-0.034073003
1479425442182761838,-0.041158638857900005,-0.030585114
1479425442232828524,-0.0336691472673,-0.04114771
1479425442282862682,-0.029670597985400005,-0.057766423
1479425442332893792,-0.029670597985400005,-0.05283029
1479425442382858459,-0.029670597985400005,-0.036227923
1479425442432797491,-0.029670597985400005,-0.0066197
1479425442482899263,-0.029670597985400005,-0.0113672605
1479425442532771570,-0.029670597985400005,-0.025143106
1479425442582809345,-0.029670597985400005,-0.022702754
1479425442632821093,-0.029670597985400005,0.003789451
1479425442682747552,-0.0279252678156,-0.0018297313
1479425442732806572,-0.0290803139823,0.019391488
1479425442782862182,-0.0314159281552,0.018806495
1479425442832833025,-0.0314159281552,0.025573932
1479425442882822631,-0.029938993423700003,0.038425695
1479425442932809867,-0.032550197574999995,0.026859637
1479425442982805056,-0.033161256462300004,0.0379714
1479425443032823520,-0.033161256462300004,0.03195602
1479425443082812203,-0.0349065847695,0.033859875
1479425443132827444,-0.0349065847695,0.022511296
1479425443182854411,-0.0458284500335,0.026984632
1479425443232861030,-0.0523598790169,-0.0042265896
1479425443282879357,-0.046907210769,-0.01429753
1479425443332896491,-0.04080519479440001,-0.02227062
1479425443382879593,-0.0399417449655,-0.0012710737
1479425443432903742,-0.038397245109099996,-0.017605245
1479425443483016593,-0.038199009205300005,-0.029257774
1479425443533017775,-0.0327786357097,-0.0012710737
1479425443582977575,-0.027746404852900003,-0.0012710737
1479425443632945821,-0.024434609338599998,-0.018089015
1479425443682982187,-0.0226892810315,-0.003756705
1479425443732869219,-0.019925133127,-0.022826646
1479425443782898808,-0.0191986225545,-0.033654388
1479425443833012205,-0.0191986225545,-0.049880605
1479425443882914607,-0.0190686929655,-0.03902876
1479425443933132143,-0.0174532923847,-0.040375926
1479425443983182782,-0.0174532923847,-0.047651276
1479425444033115695,-0.0191986225545,-0.045521434
1479425444083198332,-0.0191986225545,-0.054320022
1479425444133127546,-0.0191986225545,-0.0589684
1479425444183146275,-0.0191986225545,-0.076910384
1479425444233201168,-0.0209439508617,-0.09790664
1479425444283138737,-0.0209439508617,-0.10757221
1479425444333229360,-0.0219077666152,-0.10281155
1479425444383185181,-0.0226892810315,-0.08845046
1479425444434593057,-0.0226892810315,-0.08161532
1479425444483190972,-0.0226892810315,-0.077705555
1479425444533172421,-0.0253607554435,-0.08161276
1479425444583259948,-0.0332155078575,-0.07846656
1479425444633286162,-0.0349065847695,-0.08113851
1479425444683294213,-0.0349065847695,-0.07743017
1479425444733253036,-0.038429311558199994,-0.08207863
1479425444783291032,-0.0418840402799,-0.09044716
1479425444833288592,-0.046245502043,-0.09095322
1479425444883283220,-0.05408896329969999,-0.097528026
1479425444933328937,-0.0636709502156,-0.09731664
1479425444983260437,-0.069813169539,-0.10234349
1479425445033271766,-0.069813169539,-0.11589596
1479425445083281310,-0.0680678412318,-0.11616369
1479425445133336475,-0.0680678412318,-0.11611768
1479425445183328558,-0.0712808155375,-0.112688705
1479425445233404698,-0.0784908103537,-0.11383483
1479425445283448582,-0.0872027430708,-0.11311242
1479425445333367499,-0.0933303219328,-0.11529693
1479425445383326348,-0.0959367873007,-0.11041541
1479425445433499090,-0.09599310904740001,-0.104473054
1479425445483382125,-0.09599310904740001,-0.098675296
1479425445533489877,-0.09599310904740001,-0.095406346
1479425445583437918,-0.09599310904740001,-0.10223539
1479425445633423016,-0.09599310904740001,-0.10645471
1479425445683329266,-0.09599310904740001,-0.094052516
1479425445733403939,-0.09599310904740001,-0.096426204
1479425445783307622,-0.09599310904740001,-0.08950389
1479425445833353168,-0.09599310904740001,-0.09604268
1479425445883484127,-0.09261630828800001,-0.09507962
1479425445933390665,-0.09250245243310001,-0.10134678
1479425445983503068,-0.09250245243310001,-0.09659775
1479425446033440044,-0.09250245243310001,-0.09319029
1479425446083426096,-0.0909072999107,-0.094429396
1479425446133410346,-0.090757124126,-0.086318746
1479425446183468695,-0.08901178836819999,-0.06687776
1479425446233463132,-0.08901178836819999,-0.052686878
1479425446283447100,-0.08901178836819999,-0.05450161
1479425446333431175,-0.08901178836819999,-0.064910494
1479425446383424337,-0.08901178836819999,-0.05857758
1479425446433457370,-0.08901178836819999,-0.05493455
1479425446483371405,-0.08901178836819999,-0.04432119
1479425446533500137,-0.08901178836819999,-0.04972408
1479425446583477115,-0.0874872625218,-0.0398324
1479425446633522506,-0.0855211317539,-0.05053827
1479425446683589238,-0.0822533950774,-0.05081543
1479425446733573761,-0.07487152191719999,-0.038732097
1479425446783611898,-0.0650519924641,-0.022339016
1479425446833546046,-0.0563473461297,-0.030275013
1479425446883533208,-0.0476457669458,-0.03237916
1479425446933547800,-0.0441621123795,-0.020488624
1479425446983608400,-0.0404076616874,-0.0056776744
1479425447033578750,-0.0360549705006,-0.0051066997
1479425447083596868,-0.0349065847695,-0.009898348
1479425447133467484,-0.0349065847695,-0.006703578
1479425447183549871,-0.0349065847695,-0.002597556
1479425447233486454,-0.0349065847695,-0.0012710737
1479425447283725051,-0.0299683911788,-0.0012710737
1479425447333693598,-0.019817168146099996,-0.0012710737
1479425447383620607,-0.00794968612984,-0.0065865107
1479425447433621760,0.000540490350309,-0.013397631
1479425447483674337,0.00174532923847,-0.017493412
1479425447533663020,0.00174532923847,-0.015285607
1479425447583646955,-0.0031404230948400003,-0.008423954
1479425447633645468,-0.00575009634842,-0.01744948
1479425447683675176,-0.0069813169539,-0.022972573
1479425447733726775,-0.00748674208467,-0.038119595
1479425447783780269,-0.0118499151434,-0.030211426
1479425447833680291,-0.018921689451,-0.032892678
1479425447883694922,-0.0350931301068,-0.038253013
1479425447933701813,-0.0493447445301,-0.03303043
1479425447983829975,-0.0506145469844,-0.027083509
1479425448033742629,-0.048405618635,-0.031761926
1479425448083725825,-0.042738443662400004,-0.023371484
1479425448133784412,-0.0357468189117,-0.02436949
1479425448183782273,-0.0266082278013,-0.027186401
1479425448233780330,-0.0239969068652,-0.03304267
1479425448283749801,-0.0226892810315,-0.0277262
1479425448333826064,-0.0226892810315,-0.008109489
1479425448383792183,-0.0226892810315,-0.01394328
1479425448433778649,-0.0226892810315,-0.009227571
1479425448483793143,-0.024434609338599998,-0.0045538554
1479425448533885890,-0.024434609338599998,-0.0035087757
1479425448583862227,-0.024434609338599998,-0.010854547
1479425448633847925,-0.024434609338599998,-0.011377682
1479425448683822662,-0.024434609338599998,-0.012801541
1479425448733882312,-0.024434609338599998,-0.008919292
1479425448783845387,-0.024434609338599998,-0.0030908172
1479425448833950015,-0.024434609338599998,-0.0012710737
1479425448883924440,-0.024434609338599998,-0.0012710737
1479425448933879663,-0.024434609338599998,-0.0012710737
1479425448983876216,-0.023227467382200002,-0.0012710737
1479425449034016614,-0.0226892810315,-0.0012710737
1479425449083989539,-0.0226892810315,-0.0012710737
1479425449134003281,-0.0226892810315,-0.0012710737
1479425449183978806,-0.0209439508617,-0.0012710737
1479425449233996144,-0.0209439508617,-0.0012710737
1479425449283962329,-0.0209439508617,-0.0012710737
1479425449333971165,-0.0191986225545,-0.0012710737
1479425449383983954,-0.0191986225545,-0.0012710737
1479425449434025534,-0.0191986225545,-0.0012710737
1479425449483987552,-0.0191986225545,-0.0012710737
1479425449534040093,-0.0191986225545,-0.0012710737
1479425449584053959,-0.0191986225545,-0.0012710737
1479425449634016171,-0.0191986225545,-0.0012710737
1479425449684123260,-0.0191986225545,-0.0012710737
1479425449734027001,-0.0191986225545,-0.0012710737
1479425449784082050,-0.0191986225545,-0.0012710737
1479425449834134569,-0.0174532923847,-0.0012710737
1479425449884087282,-0.014630658275899999,-0.0012710737
1479425449934088214,-0.00657460355223,-0.0012710737
1479425449984134982,0.00389792435055,-0.0012710737
1479425450034140940,0.014165094170699999,-0.0012710737
1479425450084078501,0.0174532923847,-0.0012710737
1479425450134193600,0.0174532923847,-0.0012710737
1479425450184172865,0.0174532923847,-0.0012710737
1479425450234144378,0.0174532923847,-0.0012710737
1479425450284149775,0.016413073592399997,-0.0012710737
1479425450334262000,0.0157079640776,-0.0012710737
1479425450384178750,0.0157079640776,-0.0012710737
1479425450434161961,0.0157079640776,-0.0012710737
1479425450484147791,0.0139626339078,-0.0012710737
1479425450534184818,0.0157079640776,-0.0012710737
1479425450584162450,0.0157079640776,-0.0012710737
1479425450634258305,0.0139626339078,-0.0012710737
1479425450684227110,0.0112286509356,-0.0012710737
1479425450734209984,0.0104719754308,-0.0012710737
1479425450784248908,0.00949656645641,-0.0012710737
1479425450834260421,0.006885558886279999,-0.0012710737
1479425450884230583,0.00523598771542,-0.0012710737
1479425450934345661,0.00523598771542,-0.0012710737
1479425450984309065,0.00428557726147,-0.0012710737
1479425451034286630,0.00174532923847,-0.0012710737
1479425451084317905,0.00174532923847,-0.0012710737
1479425451134304083,0.00174532923847,-0.0012710737
1479425451184289528,0.00174532923847,-0.0012710737
1479425451234414501,0.00174532923847,-0.0012710737
1479425451284350407,0.00174532923847,-0.0012710737
1479425451334284259,0.00174532923847,-0.0012710737
1479425451384384161,0.00174532923847,-0.0012710737
1479425451434326964,0.00174532923847,-0.0012710737
1479425451484368953,0.000863254577075,-0.0064985165
1479425451534399242,-0.00525730796876,-0.0012710737
1479425451584434387,-0.0200794795376,-0.0012710737
1479425451634350263,-0.0383463288982,-0.0060855662
1479425451684382956,-0.054068166737900006,-0.008102953
1479425451734356975,-0.057595863938300004,-0.0012710737
1479425451784399230,-0.056754873675499994,-0.0012710737
1479425451834383177,-0.054156352962499994,-0.0012710737
1479425451884425416,-0.0489642485872,-0.0012710737
1479425451934441674,-0.0385434929834,-0.0012710737
1479425451984403693,-0.0246920494294,-0.0012710737
1479425452034457721,-0.00558596839946,-0.0012710737
1479425452084417312,0.016217482220799998,-0.0012710737
1479425452134520843,0.0380955629401,-0.0012710737
1479425452184466002,0.052190135502500005,-0.0012710737
1479425452234335175,0.0558505356312,-0.0012710737
1479425452284375611,0.0498477744951,-0.0027259707
1479425452334564662,0.0438328147382,-0.008955637
1479425452384627152,0.038397245109099996,-0.015995732
1479425452434545378,0.0366519130766,-0.028073933
1479425452484609213,0.038397245109099996,-0.0059308424
1479425452534553900,0.0417505788815,-0.0038020867
1479425452584569515,0.0426253382784,-0.011763355
1479425452634553611,0.045378562063,-0.0012710737
1479425452684562980,0.044674762384400005,-0.016790064
1479425452734636836,0.0420595156653,-0.026543997
1479425452784608361,0.0418879017234,-0.029105596
1479425452834609980,0.0418879017234,-0.026107773
1479425452884611953,0.0376993089608,-0.034948315
1479425452934601849,0.03159968801,0.008082139
1479425452984630588,0.028985867815200003,-0.05115642
1479425453034674381,0.0246277800307,-0.050621003
1479425453084683167,0.018523682305299997,-0.0495735
1479425453134711461,0.0141671722753,-0.05162682
1479425453184665706,0.0139626339078,-0.044258814
1479425453234723205,0.0139626339078,-0.059320748
1479425453284690109,0.007438749432600001,-0.05679991
1479425453334712197,0.00197699965677,-0.051214684
1479425453384695179,-0.000630310508041,-0.05968203
1479425453434771997,-0.00349065847695,-0.035524603
1479425453484719139,-0.00821815356705,-0.047445636
1479425453534887926,-0.0137149284541,-0.051502895
1479425453584746259,-0.018060700695,-0.052339777
1479425453634743110,-0.022415092883,-0.054851543
1479425453684792122,-0.0285214702875,-0.04136223
1479425453734799602,-0.0360848818357,-0.028961882
1479425453784765115,-0.042467663061800005,-0.02901208
1479425453834837075,-0.0471238903701,-0.04029997
1479425453884781104,-0.0523598790169,-0.06207314
1479425453934842652,-0.05554172457780001,-0.057897918
1479425453984831513,-0.0558505356312,-0.058478773
1479425454034831660,-0.0558505356312,-0.03663128
1479425454084836219,-0.0558505356312,-0.021963269
1479425454134878742,-0.0558505356312,-0.031890824
1479425454184883542,-0.054105207324,-0.033606075
1479425454234889377,-0.054105207324,-0.021421146
1479425454284867819,-0.0523598790169,-0.037039082
1479425454334887035,-0.04159677297330001,-0.046059
1479425454384960133,-0.0258922987781,-0.06421257
1479425454434866999,-0.00714305439182,-0.06417882
1479425454484877099,0.010670411978,-0.07737694
1479425454534965755,0.0205567319992,-0.07287276
1479425454584960425,0.020467849281099997,-0.055617288
1479425454634985147,0.0130225248384,-0.047178835
1479425454684962544,-0.0013861639573599998,-0.06491469
1479425454734974049,-0.0162073486133,-0.05434347
1479425454784969623,-0.030571572774799997,-0.055379122
1479425454834992068,-0.0349065847695,-0.06261782
1479425454885024662,-0.0349065847695,-0.056165673
1479425454935000744,-0.031859894065200005,-0.051687412
1479425454985024030,-0.0300956352463,-0.05256037
1479425455034974159,-0.0314159281552,-0.0544349
1479425455084988816,-0.0335669160378,-0.04550591
1479425455135196249,-0.0349065847695,-0.040760733
1479425455185043601,-0.0349065847695,-0.046382472
1479425455235022567,-0.0361668787354,-0.0748701
1479425455285050614,-0.0387798548856,-0.07788367
1479425455335094080,-0.04314131652269999,-0.06310205
1479425455385076496,-0.045378562063,-0.043573152
1479425455435061538,-0.045378562063,-0.06186097
1479425455485082736,-0.0471238903701,-0.075259835
1479425455535127618,-0.0471238903701,-0.085529216
1479425455585094908,-0.0471238903701,-0.09973226
1479425455635124585,-0.0471238903701,-0.10526976
1479425455685131513,-0.0471238903701,-0.10619872
1479425455735105758,-0.0471238903701,-0.09879807
1479425455785133934,-0.0471238903701,-0.09861472
1479425455835194894,-0.0471238903701,-0.09023098
1479425455885189938,-0.0471238903701,-0.090723634
1479425455935224714,-0.0471238903701,-0.09054416
1479425455985211822,-0.0471238903701,-0.08787419
1479425456035194304,-0.0471238903701,-0.09663173
1479425456085192347,-0.0471238903701,-0.09913887
1479425456135205196,-0.0471238903701,-0.085173026
1479425456185239597,-0.0471238903701,-0.07133926
1479425456235223757,-0.0471238903701,-0.07944947
1479425456285289737,-0.0471238903701,-0.0673593
1479425456335235126,-0.0471238903701,-0.058416873
1479425456385302974,-0.045378562063,-0.05404291
1479425456435270061,-0.04252902677730001,-0.03495663
1479425456485283777,-0.0379449233684,-0.041874398
1479425456535173529,-0.0281703159651,-0.05353862
1479425456585276789,-0.013211137396,-0.0417636
1479425456635797438,0.00159152272113,-0.036692396
1479425456685307525,0.0178556940472,-0.04935744
1479425456735295991,0.0272422715875,-0.035284765
1479425456785300349,0.029839446784099995,-0.035332832
1479425456835252850,0.0314159281552,-0.039189536
1479425456885298305,0.029523455953900005,-0.050137088
1479425456935439781,0.0251399013664,-0.040289793
1479425456985195670,0.020802209535099998,-0.03604199
1479425457035293970,0.0191986225545,-0.034294907
1479425457085310967,0.0191986225545,-0.035117585
1479425457135319871,0.0174532923847,-0.032633565
1479425457185327174,0.0174532923847,-0.026681677
1479425457235454552,0.0174532923847,-0.022934284
1479425457285396179,0.0173391774304,-0.023520555
1479425457335680191,0.0157079640776,-0.031722467
1479425457385403889,0.0157079640776,-0.029041566
1479425457435365862,0.0157079640776,-0.024773646
1479425457485440946,0.013869030954200001,-0.025025968
1479425457535450517,0.007769524400010001,-0.025876548
1479425457585440122,0.00159427588995,-0.031321533
1479425457635453799,-0.00806871496081,-0.018787809
1479425457685490309,-0.0230337510116,-0.005078166
1479425457735463426,-0.0448001128711,-0.0033300298
1479425457785461222,-0.0647810042627,-0.0012710737
1479425457835461298,-0.0750491544604,-0.0012710737
1479425457885465463,-0.0732682431085,-0.0012710737
1479425457935443994,-0.06362049643380001,-0.0012710737
1479425457985574404,-0.0469381320027,0.0012478617
1479425458035516248,-0.0225679110537,0.022898901
1479425458085493111,2.56344534706e-05,0.03716974
1479425458136360647,0.0123629653642,0.07001444
1479425458185513500,0.019192970838999998,0.06707455
1479425458235501711,0.0209439508617,0.104179375
1479425458285570854,0.0192137077325,0.09589016
1479425458335571469,0.018345922764400002,0.09056253
1479425458385563406,0.0174532923847,0.106420994
1479425458435515237,0.0174532923847,0.12151791
1479425458485591816,0.0174532923847,0.1282016
1479425458535558462,0.0191986225545,0.13524383
1479425458585637408,0.0208917700011,0.14261684
1479425458635623430,0.0217564697731,0.16932248
1479425458685606031,0.0243647436456,0.18614668
1479425458735633876,0.0337998107135,0.18922897
1479425458785721635,0.0503007588783,0.20671766
1479425458835615526,0.0696309131469,0.2279702
1479425458885675290,0.0784465863188,0.23469262
1479425458935565509,0.0802851468325,0.24387668
1479425458985707633,0.0802851468325,0.25599155
1479425459035786213,0.096334262292,0.2669879
1479425459085797381,0.134909679228,0.2969282
1479425459135788300,0.172065925116,0.31723624
1479425459185786240,0.194972386498,0.31958458
1479425459235825132,0.20071285963100002,0.32385388
1479425459285815544,0.197361765975,0.3182448
1479425459335818316,0.18807098790399998,0.32100925
1479425459385787916,0.185004904866,0.3227934
1479425459435785050,0.193069436159,0.32611415
1479425459485754631,0.21536627283000004,0.3352498
1479425459535766306,0.237697700187,0.35258645
1479425459585771912,0.24434609711199998,0.35838675
1479425459636465071,0.241123556023,0.3646298
1479425459685848966,0.229227683671,0.36452976
1479425459735915311,0.217493222843,0.3719498
1479425459786004828,0.214675500989,0.38212326
1479425459835837416,0.214675500989,0.40124178
1479425459885872479,0.214675500989,0.39960754
1479425459935836098,0.214044540863,0.39761075
1479425459985895144,0.209676809014,0.39794582
1479425460035898639,0.20943951606800001,0.4264763
1479425460085913121,0.20943951606800001,0.44397426
1479425460135915916,0.21180183549000003,0.45341155
1479425460185897187,0.21763742861699997,0.45233122
1479425460235891152,0.228086913691,0.4488937
1479425460285874473,0.23854681815099998,0.4550294
1479425460335911555,0.242600768805,0.45920664
1479425460385924823,0.244054889485,0.45700768
1479425460435939785,0.24434609711199998,0.4547559
1479425460485916173,0.242600768805,0.4596083
1479425460535995187,0.240855440497,0.4645383
1479425460585919323,0.240855440497,0.46272358
1479425460636021329,0.240855440497,0.4504007
1479425460686012382,0.240855440497,0.44931197
1479425460735978366,0.240855440497,0.45265886
1479425460786022659,0.240855440497,0.45113698
1479425460836126575,0.240855440497,0.442414
1479425460886062982,0.240855440497,0.44177002
1479425460936039201,0.240855440497,0.43908364
1479425460986067216,0.240855440497,0.45052025
1479425461036044239,0.240855440497,0.4713249
1479425461086025165,0.240855440497,0.48512164
1479425461136092742,0.240855440497,0.49130434
1479425461186041375,0.240855440497,0.4918543
1479425461236058072,0.240855440497,0.49716017
1479425461286099435,0.240855440497,0.50292623
1479425461336139116,0.240855440497,0.49738264
1479425461386151397,0.24218089683200003,0.48944277
1479425461436092381,0.25002372540600004,0.4791953
1479425461486115901,0.260484687135,0.47624484
1479425461536098853,0.27005694294599997,0.4714749
1479425461586114145,0.277053557236,0.47647342
1479425461636214238,0.281844773407,0.47659275
1479425461686225785,0.293586815755,0.48199576
1479425461736150276,0.304485005321,0.4647742
1479425461786111572,0.314456296292,0.44256788
1479425461836053567,0.32324675756099996,0.44901255
1479425461886149455,0.324631243944,0.4595912
1479425461936239444,0.322510055477,0.4589057
1479425461986247230,0.318150034215,0.42727125
1479425462036292389,0.317649930716,0.40232307
1479425462086339659,0.317649930716,0.37704566
1479425462136375243,0.315540836556,0.38236362
1479425462186258632,0.307022339689,0.36429662
1479425462236287595,0.289775427678,0.34181055
1479425462286259544,0.26385464686500004,0.335139
1479425462336263555,0.235121572788,0.31514654
1479425462386336544,0.20456667226,0.27382427
1479425462436366156,0.175791072242,0.24436718
1479425462486333565,0.14533473076099998,0.22154187
1479425462536357592,0.11512154244100001,0.2234397
1479425462586437466,0.0871987907398,0.25523552
1479425462636389990,0.0637070402551,0.28259277
1479425462686412613,0.0517931287782,0.27407143
1479425462736443337,0.0506145469844,0.258878
1479425462786339435,0.0517522065608,0.21344885
1479425462836441371,0.0523598790169,0.19665693
1479425462886374748,0.0523598790169,0.18560056
1479425462936411672,0.052113840332699994,0.18320431
1479425462986389593,0.0523598790169,0.21043512
1479425463036419577,0.0523598790169,0.24224858
1479425463086398960,0.0506145469844,0.26108536
1479425463136517686,0.0467059414072,0.2699052
1479425463186442372,0.0397182947117,0.2557042
1479425463236508913,0.0327386988548,0.23548217
1479425463286463571,0.026851279654900004,0.22139366
1479425463336416846,0.026179939508400002,0.20615117
1479425463386544935,0.026179939508400002,0.20192847
1479425463436580362,0.026179939508400002,0.23051842
1479425463486542942,0.026179939508400002,0.23582752
1479425463536555320,0.024434609338599998,0.23697022
1479425463586548994,0.024434609338599998,0.22428143
1479425463636538475,0.024434609338599998,0.19904643
1479425463686540439,0.023415482901099998,0.1721722
1479425463736563501,0.0225449091217,0.16161932
1479425463786541648,0.0199387683574,0.17079689
1479425463836571234,0.0119907116648,0.19117434
1479425463886551352,0.0032640507352399996,0.2152548
1479425463936636948,-0.00373364859472,0.23680499
1479425463986676844,-0.014192044309700001,0.2382298
1479425464036541085,-0.026278201661400002,0.24443254
1479425464086638268,-0.031601727765799996,0.2468019
1479425464136608112,-0.0349065847695,0.22183184
1479425464186611296,-0.032207281549900005,0.20936012
1479425464236603193,-0.027853424323800002,0.21970856
1479425464286627281,-0.024434609338599998,0.23923981
1479425464336639025,-0.0226892810315,0.23331279
1479425464386624593,-0.0226892810315,0.24992579
1479425464436634617,-0.0208974375982,0.19794974
1479425464486686174,-0.01736807679,0.21709533
1479425464536723116,-0.0121788944663,0.2201197
1479425464586654079,-0.00433798098518,0.20378457
1479425464636737631,0.0035081178441100005,0.17535518
1479425464686718454,0.009610448641389999,0.14237243
1479425464736677121,0.0139626339078,0.13681442
1479425464786819578,0.0279637317675,0.13069105
1479425464836759993,0.0765685986669,0.13983501
1479425464886744466,0.136862345306,0.12345459
1479425464936803774,0.184519643184,0.15213183
1479425464986752484,0.207625566462,0.14329177
1479425465036782011,0.204293398477,0.12704048
1479425465086825944,0.185205409112,0.1110591
1479425465136802389,0.160812223251,0.15328532
1479425465186824434,0.13806433982799998,0.15135719
1479425465236787478,0.12238512003699999,0.12686904
1479425465286839373,0.116132488169,0.10787352
1479425465336790704,0.11344639957000001,0.10881633
1479425465386827745,0.111701071262,0.07796129
1479425465436888835,0.111701071262,0.06485184
1479425465486704280,0.106671425744,0.078003205
1479425465536740826,0.09293141286769999,0.06935684
1479425465586851290,0.0704323846918,0.056126717
1479425465636861208,0.0426716516275,0.047160123
1479425465686863460,0.015426120472200001,0.035525236
1479425465736850570,-0.00137074575728,0.02524627
1479425465786885844,-0.0069813169539,0.00412108
1479425465836991130,-0.0069813169539,0.00915467
1479425465886884016,-0.0027670561585399996,0.0012706977
1479425465936951597,-0.000148323209107,0.021975107
1479425465986941594,0.0031802599739699997,0.055833336
1479425466036861894,0.0118798940135,0.08354231
1479425466086876737,0.026170036923000004,0.068320215
1479425466136972790,0.0479655838271,0.09506235
1479425466187045408,0.07220628456280001,0.098814815
1479425466236967408,0.09171377806360001,0.09567102
1479425466286924703,0.0977384373546,0.08709513
1479425466337047501,0.0977384373546,0.07875677
1479425466387068708,0.0953237264075,0.072563544
1479425466437097862,0.0942477807403,0.08479337
1479425466486985077,0.09903129959460001,0.088490345
1479425466537029996,0.106236628795,0.10078874
1479425466587146615,0.108851305316,0.102203935
1479425466636982407,0.11318720908,0.119783685
1479425466687154186,0.11756902427999999,0.12776302
1479425466737019562,0.126892977588,0.14093603
1479425466787107269,0.133257979026,0.14625424
1479425466837157829,0.140850677868,0.14922762
1479425466887161583,0.143116995692,0.15481256
1479425466937061748,0.143116995692,0.16358812
1479425466987144748,0.14545058527000002,0.16761239
1479425467037250592,0.151278393357,0.17613533
1479425467087097662,0.165106877999,0.18920319
1479425467137030932,0.18833906496800001,0.19623825
1479425467187091121,0.212759293273,0.19478053
1479425467237121179,0.23432222764400001,0.19657202
1479425467287147926,0.25121274859299997,0.19024722
1479425467337226793,0.257978861917,0.18937087
1479425467387190438,0.26354470849,0.20961119
1479425467437240204,0.267035365105,0.20312048
1479425467487131527,0.267035365105,0.2139962
1479425467537124339,0.267035365105,0.23114568
1479425467587213312,0.26354470849,0.22309323
1479425467637198914,0.26354470849,0.20354186
1479425467687245795,0.26354470849,0.17766817
1479425467737249898,0.26354470849,0.16037793
1479425467787180376,0.26354470849,0.17435287
1479425467837327756,0.262195965258,0.19226027
1479425467887243591,0.242841559826,0.19939011
1479425467937326324,0.21098194324900002,0.21919511
1479425467987181003,0.17709723327399998,0.21976112
1479425468037288408,0.15530326989,0.21242286
1479425468087278138,0.154411497154,0.24284442
1479425468137258519,0.176117647222,0.2524311
1479425468187221976,0.216181927773,0.26814362
1479425468237279961,0.251577736056,0.3367787
1479425468287290727,0.269597201956,0.34338304
1479425468337392490,0.27530011466,0.3829204
1479425468387363668,0.27576202154199997,0.38978156
1479425468437361934,0.277027178063,0.39409676
1479425468487275816,0.2898734343,0.39284706
1479425468537505265,0.308650256739,0.42397168
1479425468587327535,0.330922150669,0.41324776
1479425468637426950,0.339826124926,0.4121407
1479425468687444865,0.346647681175,0.41444895
1479425468737475475,0.339124748102,0.41458324
1479425468787473873,0.33928598563900003,0.4331757
1479425468837539575,0.356374812779,0.45461467
1479425468887430302,0.376241816515,0.4760567
1479425468937411998,0.382227092981,0.4723339
1479425468987450855,0.376671529226,0.47816202
1479425469037422805,0.371132451566,0.46283743
1479425469087464981,0.370009809732,0.49755636
1479425469137457112,0.371755123138,0.5203191
1479425469187499703,0.374087472282,0.5485919
1479425469237439190,0.382791816829,0.54030484
1479425469287461723,0.39728956898699996,0.4830008
1479425469337485349,0.41009738161799997,0.46305794
1479425469387486765,0.43162341596799997,0.45052892
1479425469437503369,0.444336154842,0.428261
1479425469487482402,0.450541956228,0.44005078
1479425469537533477,0.44917775082500006,0.42850986
1479425469587525741,0.438868554962,0.421206
1479425469637544742,0.417955306126,0.4183441
1479425469687549988,0.396372537654,0.42639217
1479425469737509574,0.38354277857,0.4166771
1479425469787567215,0.373500466347,0.4029851
1479425469837591780,0.37699112296099996,0.41492492
1479425469887565806,0.390186427736,0.41820833
1479425469937616223,0.40074778945100004,0.4135867
1479425469987547665,0.39968040585500003,0.3622056
1479425470037571237,0.397935062647,0.32488847
1479425470087672702,0.392699092627,0.2974167
1479425470137602908,0.38991655217200005,0.23661862
1479425470187611693,0.387463092804,0.2460234
1479425470237670583,0.386435714484,0.21537791
1479425470287629689,0.38368589941799996,0.19620572
1479425470337669931,0.37569546926700004,0.20984794
1479425470387666538,0.36075155271700005,0.21195254
1479425470437708967,0.33782584455,0.18184966
1479425470487627112,0.311843802725,0.1790221
1479425470537669194,0.291800654432,0.16116513
1479425470587738917,0.271830010387,0.16441403
1479425470637737075,0.26082659037300004,0.18458758
1479425470687714256,0.261889352798,0.19799781
1479425470737828505,0.26354470849,0.20064767
1479425470787718069,0.26339171691,0.20893343
1479425470837723661,0.257364754212,0.2143968
1479425470887715177,0.24409639211599998,0.20263356
1479425470937824540,0.229319467637,0.19497329
1479425470987742112,0.219764728898,0.21257362
1479425471037946994,0.21199763151999998,0.19241014
1479425471087708350,0.207660251461,0.18600011
1479425471137879420,0.202458187938,0.18401906
1479425471187788170,0.202458187938,0.16870214
1479425471237926467,0.19362183788600001,0.14062384
1479425471287812391,0.17099885749000002,0.13447604
1479425471337938290,0.160570293665,0.14329948
1479425471387869489,0.160570293665,0.098229304
1479425471437817786,0.158844023502,0.10507992
1479425471487922567,0.148376296262,0.09074656
1479425471537881702,0.13791562889,0.092790775
1479425471587865675,0.130926582041,0.07610659
1479425471637871684,0.12915436923499998,0.061774757
1479425471687847719,0.12915436923499998,0.059884746
1479425471737892952,0.125663712621,0.0644587
1479425471787856644,0.120552767857,0.05276822
1479425471837891940,0.11182223834899999,0.04259432
1479425471887842023,0.101448903981,0.028672684
1479425471937964536,0.0866025965415,0.029261563
1479425471988059874,0.0820978995963,0.025061112
1479425472038075823,0.0752005549893,-0.0012710737
1479425472088001704,0.0665015895232,-0.0012710737
1479425472138171167,0.06457718461749999,-0.0012710737
1479425472188174498,0.06457718461749999,0.0009038979
1479425472238035203,0.0620666446899,-0.0012710737
1479425472288105559,0.055960844803300006,0.010555133
1479425472338141795,0.0558505356312,0.010136164
1479425472388088728,0.052490216474400005,-0.0012710737
1479425472438151321,0.0456370144334,-0.0012710737
1479425472488161318,0.031954182635900004,-0.0012710737
1479425472538098169,0.018034845877599997,0.013058216
1479425472588142940,0.00394729269582,0.002406427
1479425472638183644,-0.00215020290239,0.010411552
1479425472688106000,-0.0103050068067,0.0137086315
1479425472738226851,-0.012217304669299999,0.0073796045
1479425472788196547,-0.010648184522500001,0.033035424
1479425472838198592,-0.00803691771092,0.016190946
1479425472888232417,-0.0069813169539,-0.0012710737
1479425472938252437,-0.011151377307500002,0.0070956117
1479425472988233929,-0.015484850206,-0.0012710737
1479425473038182153,-0.0209439508617,-0.0012710737
1479425473088169184,-0.021165437870099998,-0.0012710737
1479425473138220022,-0.0191986225545,-0.0012710737
1479425473188249245,-0.0159364258299,-0.0012710737
1479425473238252451,-0.0157079640776,-0.0012710737
1479425473288281447,-0.0157079640776,0.008648709
1479425473338265983,-0.0157079640776,0.043045197
1479425473388245228,-0.0157079640776,0.05714941
1479425473438326991,-0.0157079640776,0.05474502
1479425473488272568,-0.0139626339078,0.08025977
1479425473538246977,-0.0104719754308,0.090263076
1479425473588285460,-0.0104719754308,0.071956635
1479425473638295459,-0.0104719754308,0.08774046
1479425473688291452,-0.0104719754308,0.06175364
1479425473738358929,-0.008156975085950001,0.0692248
1479425473788285813,-0.0069813169539,0.06937908
1479425473838316755,-0.0069813169539,0.046490416
1479425473888375278,-0.00556465129232,0.0374207
1479425473938375490,0.000542261857348,0.054909226
1479425473988331148,0.0031505867776799997,0.07596563
1479425474038441715,0.00523598771542,0.054054443
1479425474088396056,0.00523598771542,0.059892982
1479425474138376609,0.0069813169539,0.01038294
1479425474188402642,0.0069813169539,-0.0012710737
1479425474238370303,0.0069813169539,-0.0012710737
1479425474288443130,0.0069813169539,0.010960622
1479425474338481132,0.0069813169539,0.032302827
1479425474388404577,0.0069813169539,0.052848868
1479425474438416493,0.00745454416982,0.059437953
1479425474488456262,0.0069813169539,0.045967363
1479425474538455214,0.008726646192370001,0.03757456
1479425474588420270,0.008726646192370001,0.026715938
1479425474638458150,0.008726646192370001,0.037411682
1479425474688495756,0.008726646192370001,0.009236804
1479425474738524774,0.008726646192370001,0.013114581
1479425474788520389,0.0074256272101099995,0.04562829
1479425474838565095,0.00174532923847,0.09744011
1479425474888420539,-0.00349065847695,0.08967893
1479425474938465270,-0.0104719754308,0.08054317
1479425474988433846,-0.0104719754308,0.06261582
1479425475038597612,-0.006186648183359999,0.05640974
1479425475088523291,0.0067809746944999996,0.03420109
1479425475138528325,0.022796016733400003,0.037653185
1479425475188503326,0.0421328589065,0.01341298
1479425475238439346,0.0562076040894,0.027116813
1479425475288549236,0.05934119597080001,0.015296812
1479425475338512029,0.05550701523019999,-0.0012710737
1479425475388514936,0.0506145469844,0.00029876328
1479425475438522963,0.0488692186773,0.01863125
1479425475488518345,0.0488692186773,-0.0012710737
1479425475538554968,0.0467989605652,-0.0012710737
1479425475588609769,0.040054150859800006,-0.0012710737
1479425475638567482,0.029047802064299997,-0.0012710737
1479425475688557528,0.0174233327685,-0.0012710737
1479425475738621943,0.00229298819103,-0.0012710737
1479425475788654601,-0.0180615708812,-0.0012710737
1479425475838585986,-0.037787568695199995,-0.0012710737
1479425475888678646,-0.051177881218900004,-0.0012710737
1479425475938681487,-0.0578669902007,0.011980866
1479425475988629010,-0.05934119597080001,0.0035389168
1479425476038620673,-0.05934119597080001,-0.0012710737
1479425476088700194,-0.05934119597080001,-0.0012710737
1479425476138632420,-0.05934119597080001,-0.002666324
1479425476188653632,-0.0621926232275,-0.0012710737
1479425476238948004,-0.06457718461749999,-0.0012710737
1479425476288694141,-0.0667758806297,-0.0012710737
1479425476338673200,-0.07155849784610001,-0.0025649513
1479425476388749768,-0.07679449021819999,-0.0012710737
1479425476438703321,-0.0744366245597,0.0106635615
1479425476488789361,-0.060267616315599994,-0.01963668
1479425476538783734,-0.0413127284276,-0.00997996
1479425476588728563,-0.033850588560099995,-0.026476767
1479425476638744234,-0.033161256462300004,-0.045419108
1479425476688741578,-0.029330523950900002,-0.05366008
1479425476738775155,-0.0113893640281,-0.060056325
1479425476788842204,0.004855856050390001,-0.079730116
1479425476838781343,0.0104719754308,-0.09068673
1479425476888787441,0.009453420012750001,-0.10067887
1479425476938859087,0.0016009963033900003,-0.12637246
1479425476988807753,-0.008255271607340001,-0.12816963
1479425477038887379,-0.025104998115699998,-0.13920452
1479425477088807040,-0.0478328524395,-0.14809704
1479425477138807785,-0.0704515657162,-0.16664821
1479425477188922979,-0.09765391042379999,-0.13880031
1479425477238840334,-0.126162543354,-0.11297439
1479425477288907543,-0.150686364986,-0.12317076
1479425477338960729,-0.17510405111699998,-0.133237
1479425477388911861,-0.19660084954999998,-0.12489744
1479425477438887708,-0.211402098215,-0.11664526
1479425477488922822,-0.22354163504799998,-0.13254817
1479425477538942781,-0.233936826259,-0.13489616
1479425477588987687,-0.240040356397,-0.17319463
1479425477638925581,-0.244394736897,-0.1906653
1479425477688937431,-0.247836753726,-0.18994823
1479425477739556250,-0.25140981173300003,-0.21141201
1479425477788948138,-0.258364142498,-0.23067796
1479425477838934577,-0.274118730509,-0.2306248
1479425477888948464,-0.299407032315,-0.19442058
1479425477938965840,-0.328183376419,-0.19343452
1479425477989077866,-0.349088173694,-0.16447112
1479425478038942486,-0.35255649685900003,-0.21151933
1479425478089057159,-0.337762303496,-0.22390562
1479425478139048301,-0.317742310209,-0.2461677
1479425478189090682,-0.30807050918699996,-0.27999592
1479425478239012125,-0.31060172344799997,-0.30667016
1479425478289079599,-0.327082715259,-0.33167702
1479425478339057488,-0.348837999733,-0.33961907
1479425478389110771,-0.37413645933899997,-0.34257543
1479425478439078118,-0.39415622643,-0.35488832
1479425478489071115,-0.39968040585500003,-0.37281135
1479425478539067254,-0.398009526523,-0.39458662
1479425478589087190,-0.386822964619,-0.39712948
1479425478639055536,-0.375512899386,-0.4105146
1479425478689149202,-0.361638920525,-0.4258147
1479425478739100358,-0.347618802514,-0.4210549
1479425478789153645,-0.337054208049,-0.42148426
1479425478839141187,-0.331721973415,-0.3985088
1479425478889151017,-0.332360146257,-0.39001492
1479425478939240846,-0.338354873065,-0.38034898
1479425478989147766,-0.353032974886,-0.40181834
1479425479039211268,-0.364374688005,-0.4061687
1479425479089230263,-0.374232696303,-0.41004336
1479425479139194771,-0.37699112296099996,-0.38446227
1479425479189200247,-0.36930068321000004,-0.35520837
1479425479239561420,-0.354827484521,-0.3118952
1479425479289276234,-0.328439056571,-0.27893648
1479425479339312702,-0.292997517633,-0.24149233
1479425479389220802,-0.256994781104,-0.23024572
1479425479439204951,-0.236393726852,-0.22645889
1479425479489263915,-0.23387411236800001,-0.21171814
1479425479539223827,-0.23715582496399998,-0.19264992
1479425479589374111,-0.23911011219,-0.18206374
1479425479639242683,-0.23606119698199998,-0.16015773
1479425479689337057,-0.22842368148000003,-0.14186884
1479425479739281981,-0.215370773531,-0.1198722
1479425479789362848,-0.19924218277800002,-0.11540058
1479425479839321743,-0.179237903418,-0.10028681
1479425479889297514,-0.153354021939,-0.09316757
1479425479939325347,-0.126951624408,-0.09090846
1479425479989369360,-0.0993034117914,-0.073085226
1479425480039306009,-0.07788167579139998,-0.06941338
1479425480089353722,-0.069813169539,-0.050336134
1479425480139374710,-0.069813169539,-0.03954561
1479425480189398477,-0.069813169539,-0.01820983
1479425480239342730,-0.06837724338619999,-0.007930985
1479425480289412357,-0.0622609101056,-0.0082169175
1479425480339480159,-0.056153338667,-0.0012710737
1479425480389389047,-0.0483187410814,-0.0012710737
1479425480439429560,-0.0376231690878,-0.0012710737
1479425480489467589,-0.0263732619067,-0.016073238
1479425480539445380,-0.0195522370641,-0.02134572
1479425480589437071,-0.0174532923847,-0.011959862
1479425480639443659,-0.0157079640776,-0.0202045
1479425480689447340,-0.008988112888759999,-0.028331514
1479425480740004922,0.00428100002915,-0.01314196
1479425480789486716,0.015464035798200002,-0.0014413069
1479425480839507375,0.0299262473577,-0.0012710737
1479425480889508091,0.045056936070800004,-0.0012710737
1479425480939448035,0.0537033031345,-0.0012710737
1479425480989617990,0.051883527932599996,-0.0012710737
1479425481039511063,0.0431459904106,-0.0012710737
1479425481089519192,0.028279739416,-0.0012710737
1479425481139559955,0.0182841762324,-0.011247056
1479425481189582228,0.012217304669299999,-0.0012710737
1479425481239551208,0.0104719754308,-0.0012710737
1479425481289593844,0.005668433176020001,-0.0012710737
1479425481339600229,-0.009965719843249999,-0.0012710737
1479425481389564116,-0.0374508012282,-0.0012710737
1479425481439622040,-0.056246645939300004,-0.0012710737
1479425481489651743,-0.05934119597080001,-0.0012710737
1479425481539615797,-0.05934119597080001,-0.0012710737
1479425481589642847,-0.05934119597080001,-0.0012710737
1479425481639633409,-0.0666311204797,-0.0012710737
1479425481689633691,-0.0796998341876,-0.0012710737
1479425481739679479,-0.0855211317539,-0.0012710737
1479425481789695376,-0.0830286300236,-0.0012710737
1479425481839683551,-0.0725796099054,-0.0012710737
1479425481889671632,-0.057913337256500004,-0.0012710737
1479425481939663034,-0.044675827584300006,-0.0012710737
1479425481989643376,-0.036312303049199995,-0.0012710737
1479425482039684504,-0.028991893226799997,-0.0012710737
1479425482089705119,-0.018214395143799997,-0.0012710737
1479425482139781143,-0.00511062887438,-0.0012710737
1479425482189705241,0.0055509831673700005,-0.0012710737
1479425482240345436,0.0104719754308,-0.0012710737
1479425482289755682,0.0104719754308,-0.0012710737
1479425482339806233,0.00580346606961,-0.0012710737
1479425482389809053,0.00115007391745,-0.0012710737
1479425482439757697,-0.00639651351577,-0.0012710737
1479425482489739271,-0.0069813169539,0.019449979
1479425482539873009,-0.00523598771542,0.012401591
1479425482589808311,0.000264402624968,-0.0012710737
1479425482639842908,0.00174532923847,-0.0012710737
1479425482689800193,0.00523598771542,0.0047040116
1479425482739811890,0.00523598771542,0.0060470267
1479425482789802899,0.00547516551755,-0.00091008027
1479425482839871403,0.0069813169539,-0.0012710737
1479425482889818491,0.0106964089823,-0.0012710737
1479425482939888311,0.0133130403356,-0.0012710737
1479425482990024259,0.0157079640776,-0.0012710737
1479425483039857199,0.0157079640776,-0.0012710737
1479425483089982809,0.0194077014705,-0.0012710737
1479425483139940003,0.0255049109057,-0.0012710737
1479425483189903545,0.035283233386699996,-0.0012710737
1479425483239937856,0.043313428196700005,-0.0012710737
1479425483289899135,0.05862907156830001,-0.0012710737
1479425483339973692,0.0802744939896,-0.0012710737
1479425483389926110,0.0929803277114,-0.0012710737
1479425483440027209,0.0977384373546,-0.0012710737
1479425483490051428,0.09409172386510002,-0.011470557
1479425483539966508,0.0887514345475,-0.015256477
1479425483590036702,0.080007154452,-0.017845802
1479425483640054335,0.064812965279,-0.018207788
1479425483689970189,0.04304135695590001,-0.013371106
1479425483739974784,0.023222077414,-0.009469239
1479425483789997770,0.0137504912333,-0.0036129367
1479425483840003304,0.00775355437931,-0.0012710737
1479425483889996738,0.00339694353446,-0.0042792074
1479425483940037920,0.00174532923847,-0.014656136
1479425483990053907,-0.00349065847695,-0.019490246
1479425484040008904,-0.0079265010667,-0.03336503
1479425484090177169,-0.0104719754308,-0.041752182
1479425484140130080,-0.0104719754308,-0.04660501
1479425484190031016,-0.0104719754308,-0.05060455
1479425484240058543,-0.012217304669299999,-0.05951943
1479425484290090105,-0.015750211157500003,-0.061860252
1479425484340062246,-0.0227526877361,-0.058824193
1479425484390093269,-0.033186115446599995,-0.06307382
1479425484440231873,-0.038461315835199995,-0.05960143
1479425484490102584,-0.041911539498099996,-0.047127478
1479425484540124506,-0.048883869536800004,-0.06241907
1479425484590171023,-0.0576023268929,-0.05143634
1479425484640184141,-0.06370198196650001,-0.041691706
1479425484690170884,-0.0698031856647,-0.040720753
1479425484740210717,-0.07240756277839999,-0.034719937
1479425484790190355,-0.0733038261533,-0.03076858
1479425484840154163,-0.0733038261533,-0.043941688
1479425484890315303,-0.0733038261533,-0.04500875
1479425484940209982,-0.070728952359,-0.05885177
1479425484990181613,-0.06812071713380001,-0.07032187
1479425485040288322,-0.0680678412318,-0.07358303
1479425485090217151,-0.0680678412318,-0.07709624
1479425485140290599,-0.0680678412318,-0.08961301
1479425485190254419,-0.0680678412318,-0.09962262
1479425485240270487,-0.0680678412318,-0.10010946
1479425485290291804,-0.0680678412318,-0.10079443
1479425485340296592,-0.0663225129247,-0.088599965
1479425485390329216,-0.06457718461749999,-0.08718363
1479425485440286516,-0.062079372218,-0.08324844
1479425485490269662,-0.059462409596499996,-0.069243334
1479425485540340795,-0.05934119597080001,-0.065176144
1479425485590295391,-0.05934119597080001,-0.06293333
1479425485640385310,-0.05934119597080001,-0.062239192
1479425485690367707,-0.05934119597080001,-0.06351344
1479425485740353103,-0.05934119597080001,-0.063633695
1479425485790309212,-0.05934119597080001,-0.06439385
1479425485840339023,-0.05934119597080001,-0.06352609
1479425485890414046,-0.05934119597080001,-0.054489773
1479425485940389308,-0.05934119597080001,-0.052056327
1479425485990442274,-0.057595863938300004,-0.054336812
1479425486040369175,-0.0569169290373,-0.05079269
1479425486090379225,-0.054105207324,-0.047249485
1479425486140467006,-0.0534286116471,-0.05302542
1479425486190451995,-0.0508218537909,-0.04576546
1479425486240470042,-0.044055531243900006,-0.05038174
1479425486290435916,-0.0403653024774,-0.04470804
1479425486340421705,-0.0401425734162,-0.043062136
1479425486390451058,-0.0386319410731,-0.025461886
1479425486440528824,-0.0277617156988,-0.04080373
1479425486490485967,-0.00821234167616,-0.04692826
1479425486540531284,0.020049605318200003,-0.045795377
1479425486590516327,0.0522478351299,-0.044193484
1479425486640484151,0.0780571828075,-0.052042484
1479425486690542196,0.0997746164645,-0.057913758
1479425486740537991,0.116928907625,-0.073987484
1479425486790540402,0.126826907838,-0.079108566
1479425486840509573,0.135507798936,-0.06953595
1479425486890535427,0.142809502505,-0.067925856
1479425486940537589,0.150043582415,-0.069086485
1479425486990535773,0.161326517861,-0.07104626
1479425487040608165,0.179600223943,-0.070186496
1479425487090579021,0.207024600677,-0.083826266
1479425487140590350,0.23763150533799998,-0.071603514
1479425487190673574,0.26499707216400004,-0.071624
1479425487240637650,0.284328082748,-0.07373222
1479425487290579338,0.297378126132,-0.080174275
1479425487340657176,0.308723319222,-0.077235006
1479425487390621670,0.324894230435,-0.082211025
1479425487440651816,0.346830438097,-0.08239607
1479425487490628888,0.37158509305799997,-0.08170334
1479425487540650610,0.39114275005000004,-0.08068407
1479425487590654741,0.40371788479500004,-0.07649366
1479425487640779242,0.412862054666,-0.08004383
1479425487690694721,0.418456783411,-0.07431673
1479425487740729444,0.418879032135,-0.08745333
1479425487790742620,0.418879032135,-0.084785126
1479425487840699567,0.418879032135,-0.0860759
1479425487890749820,0.418879032135,-0.08388029
1479425487940693732,0.414957804601,-0.07954392
1479425487990777163,0.41059610473499997,-0.07741756
1479425488040827366,0.41015237569799995,-0.079804845
1479425488090747456,0.41271615165299996,-0.07634946
1479425488140724728,0.425732089174,-0.08139611
1479425488190791895,0.446193599715,-0.08285955
1479425488240739595,0.46581416166999995,-0.081614114
1479425488290756799,0.475987603232,-0.08471847
1479425488340885169,0.474340176208,-0.07338206
1479425488390791124,0.471238911152,-0.07746661
1479425488440785034,0.47720210315800005,-0.07722155
1479425488490792360,0.494842091259,-0.07180015
1479425488540828515,0.5180249738830001,-0.07617349
1479425488590861384,0.530057100485,-0.07250937
1479425488640811418,0.524343959746,-0.069844216
1479425488690993333,0.504066349189,-0.07185231
1479425488740836384,0.48008547056199996,-0.07034701
1479425488790882080,0.466555544465,-0.07094152
1479425488840893380,0.466315981853,-0.061196465
1479425488890907263,0.47596482630500003,-0.05749708
1479425488940875068,0.485792757768,-0.05107055
1479425488990881632,0.492182850838,0.0716142
1479425489040984291,0.489556063393,0.16409868
1479425489090951993,0.473659541379,0.32001513
1479425489140957970,0.454147493385,0.39056784
1479425489190965565,0.43176279498400005,0.39827558
1479425489240962217,0.41661116497100004,0.36199927
1479425489290957464,0.410770545142,0.33385038
1479425489340961284,0.404425484184,0.32099256
1479425489390957711,0.395710072497,0.27758127
1479425489441028194,0.38325475821500005,0.20678368
1479425489491002064,0.36735734513,0.16969132
1479425489541069044,0.35582044037,0.13980138
1479425489591078349,0.35255649685900003,0.20246218
1479425489641031005,0.35255649685900003,0.17040192
1479425489691011208,0.35819172324299997,0.193924
1479425489741050925,0.366913821987,0.19804801
1479425489791049439,0.373500466347,0.16343099
1479425489841033117,0.373500466347,0.14252797
1479425489891128741,0.369650514871,0.12972054
1479425489941079408,0.360610153595,0.11622885
1479425489991138916,0.34490490658699996,0.12092901
1479425490041067399,0.327365629723,0.114237465
1479425490091107166,0.30833395191199997,0.10726275
1479425490141121046,0.290751916112,0.13050936
1479425490191104658,0.27073365322099996,0.1333192
1479425490241160226,0.24892796642499998,0.13911809
1479425490291152849,0.226151818732,0.13457778
1479425490341119236,0.201791230453,0.12659888
1479425490391203570,0.175623007564,0.116848744
1479425490441194090,0.147936060648,0.09148245
1479425490491190629,0.132248126172,0.07640831
1479425490541185149,0.11684613580299999,0.07050815
1479425490591145151,0.112497024809,0.053106263
1479425490641197788,0.11162348379,0.0489397
1479425490691200520,0.107267818224,0.04368077
1479425490741246272,0.10471975803400001,0.03952536
1479425490791237656,0.10204549821,0.022707667
1479425490841262567,0.0959603161991,0.007123759
1479425490891243577,0.09066842847279999,-0.0012710737
1479425490941301490,0.08369979631369999,-0.0012710737
1479425490991290991,0.073239457439,-0.0012710737
1479425491041401454,0.0610360670675,-0.0012710737
1479425491091311515,0.0523188350067,-0.0012710737
1479425491141451330,0.045378562063,-0.0012710737
1479425491191381351,0.045378562063,-0.0012710737
1479425491241499984,0.0453649691344,-0.0012710737
1479425491291282212,0.0419160255815,-0.0012710737
1479425491341335784,0.038397245109099996,-0.0012710737
1479425491391328707,0.040992113106999996,-0.0012710737
1479425491441386643,0.0436095517134,-0.0012710737
1479425491491325682,0.04363323003050001,-0.0012710737
1479425491541364658,0.04363323003050001,-0.0012710737
1479425491591373670,0.04363323003050001,-0.0012710737
1479425491641384701,0.0419442278223,-0.0012710737
1479425491691414290,0.038397245109099996,-0.0012710737
1479425491741416824,0.038397245109099996,-0.0012710737
1479425491791360428,0.038397245109099996,-0.0012710737
1479425491841377627,0.043549323020599995,-0.0012710737
1479425491891374656,0.052175475939100005,-0.0012710737
1479425491941520138,0.0609003995972,-0.0012710737
1479425491991548595,0.06457718461749999,-0.019651651
1479425492041458203,0.0695630393145,-0.03188099
1479425492091474037,0.0683072961904,-0.025946263
1479425492141522961,0.05108324972,-0.020245329
1479425492191513197,0.029460689223599998,-0.022164859
1479425492241547855,0.00763391393639,-0.023615237
1479425492291606376,-0.002202435529,-0.013968866
1479425492341530616,-0.010326416158200001,-0.009756706
1479425492391496585,-0.012217304669299999,-0.020982757
1479425492441600160,-0.012217304669299999,-0.006457208
1479425492491496554,-0.0104719754308,-0.0012710737
1479425492541634378,-0.0104719754308,-0.0012710737
1479425492591520582,-0.0104719754308,-0.0012710737
1479425492641571450,-0.0104719754308,-0.0012710737
1479425492691528672,-0.0104719754308,-0.0012710737
1479425492741598911,-0.0071795042779,-0.0012710737
1479425492791540329,-0.00283201198387,-0.0012710737
1479425492841584321,0.00174532923847,-0.0012710737
1479425492891639172,0.00523598771542,-0.0012710737
1479425492941587204,0.0069813169539,-0.0012710737
1479425492991620566,0.00523598771542,-0.0012710737
1479425493041635425,0.00523598771542,-0.0012710737
1479425493091709383,0.00523598771542,-0.0012710737
1479425493141596561,0.00523598771542,-0.0012710737
1479425493191724230,0.00756696497975,-0.0012710737
1479425493241754175,0.0102114406149,-0.0012710737
1479425493291713462,0.012217304669299999,-0.003908842
1479425493341699650,0.012217304669299999,-0.013005405
1479425493391728697,0.0104719754308,-0.016318435
1479425493441649548,0.00727860908405,-0.013782465
1479425493491661368,0.004670922624239999,-0.012264616
1479425493541678821,0.0049258535132,-0.012548523
1479425493591731105,0.00753080738024,-0.012550982
1479425493641732842,0.008726646192370001,-0.012854231
1479425493691750874,0.0041416355221,-0.022023354
1479425493741700964,-0.00596692057294,-0.030669179
1479425493791795223,-0.0208086231497,-0.020200681
1479425493841707628,-0.0279252678156,-0.031156559
1479425493891816459,-0.0273995221473,-0.045251552
1479425493941976216,-0.023030128034900003,-0.054261327
1479425493991752019,-0.015202661909100001,-0.053991888
1479425494041773250,-0.0139626339078,-0.042962432
1479425494091871521,-0.0201938726367,-0.048912365
1479425494141800254,-0.031607969487900005,-0.05291652
1479425494191817384,-0.040615873817800005,-0.06549414
1479425494241862369,-0.04363323003050001,-0.0604094
1479425494291830686,-0.0471238903701,-0.054590542
1479425494341862683,-0.050186450939199996,-0.057712894
1479425494391935674,-0.0523598790169,-0.079616755
1479425494441964144,-0.0523598790169,-0.08206219
1479425494491938877,-0.0523598790169,-0.07815851
1479425494541895035,-0.0523598790169,-0.08282338
1479425494591888957,-0.0523598790169,-0.07661702
1479425494641980818,-0.0523598790169,-0.07282091
1479425494691911588,-0.0523598790169,-0.07396886
1479425494741902545,-0.04935025317430001,-0.07362115
1479425494792003172,-0.0471238903701,-0.07716751
1479425494842010908,-0.0471238903701,-0.09565224
1479425494891999921,-0.0475150052761,-0.10768434
1479425494941965643,-0.05186631342680001,-0.10672617
1479425494992040485,-0.0601045814442,-0.103488535
1479425495041982849,-0.06880787187410001,-0.121363565
1479425495092021074,-0.0754143733383,-0.13423224
1479425495141976857,-0.08221987059260001,-0.14013669
1479425495192152469,-0.09569240917050001,-0.14607213
1479425495242139654,-0.113117982863,-0.14417
1479425495292136703,-0.128099487743,-0.1490649
1479425495342026908,-0.133846209944,-0.15479039
1479425495392045350,-0.138205116394,-0.14748222
1479425495442131728,-0.142567422864,-0.16394724
1479425495492143049,-0.145795183828,-0.16579142
1479425495542133334,-0.155378847163,-0.17503028
1479425495592139998,-0.170799931213,-0.1788611
1479425495642139667,-0.193752096721,-0.1738294
1479425495692092508,-0.21637932586999997,-0.17986168
1479425495742126271,-0.23847844285599998,-0.20760068
1479425495792165497,-0.253621731515,-0.26663405
1479425495842114419,-0.261191187999,-0.28988507
1479425495892190215,-0.263805880802,-0.30615968
1479425495942249888,-0.266424349342,-0.334306
1479425495992202068,-0.269281596316,-0.33950752
1479425496042202819,-0.280207940243,-0.32911706
1479425496092176578,-0.294336092819,-0.3405557
1479425496142195009,-0.314418458986,-0.33761624
1479425496192268420,-0.33228391976300004,-0.33677167
1479425496242201897,-0.34316916087099997,-0.31239843
1479425496292274254,-0.34557518363000006,-0.3006895
1479425496342167239,-0.34557518363000006,-0.29134715
1479425496392316042,-0.34557518363000006,-0.2720669
1479425496442340584,-0.34557518363000006,-0.25250515
1479425496492239141,-0.34557518363000006,-0.23233226
1479425496542406362,-0.34662411451200004,-0.22489616
1479425496592268154,-0.34732052683799997,-0.21020533
1479425496642271622,-0.34732052683799997,-0.19771214
1479425496692291949,-0.34557518363000006,-0.18425123
1479425496742373194,-0.342502894443,-0.15329696
1479425496792307193,-0.332935600279,-0.15509126
1479425496842335126,-0.316107637502,-0.13121618
1479425496892295948,-0.29259383634799996,-0.12817013
1479425496942286775,-0.266340967039,-0.12532115
1479425496992399324,-0.231081318856,-0.0984699
1479425497042321971,-0.194635428591,-0.103294656
1479425497092349933,-0.159797352156,-0.07156668
1479425497142387612,-0.125964612777,-0.044358123
1479425497192310980,-0.09724524531610002,-0.03152185
1479425497242499440,-0.0729543492292,-0.027587116
1479425497292488912,-0.05562886947509999,-0.023971878
1479425497342458527,-0.0425466270608,-0.009841456
1479425497392491934,-0.0276602359251,-0.0012710737
1479425497442347829,-0.0102814250333,0.0024465427
1479425497492433345,0.0142344176648,0.028287232
1479425497542495524,0.0429778992689,0.05381954
1479425497592469911,0.0646842954088,0.0779591
1479425497642491494,0.0777587733104,0.10320635
1479425497692511592,0.0890753240773,0.12819636
1479425497742473116,0.1020715475,0.15305057
1479425497792456180,0.111665103652,0.18574739
1479425497842515680,0.11693705618400001,0.20664108
1479425497892477849,0.12216377533600001,0.24798526
1479425497942440843,0.132611086867,0.24250431
1479425497992479947,0.137857939528,0.27334222
1479425498042535123,0.144813391642,0.3043787
1479425498092515609,0.151812121216,0.31320354
1479425498142495113,0.156997237281,0.3260722
1479425498192523258,0.165712639245,0.33973294
1479425498242602520,0.17443351171100002,0.36692294
1479425498292564882,0.186521388928,0.3556026
1479425498342627254,0.204776464084,0.38390675
1479425498392602427,0.22653834931699998,0.39117196
1479425498442565993,0.25163159842,0.39274606
1479425498492687077,0.28045260280900003,0.3943661
1479425498542609577,0.305795285572,0.39068723
1479425498592629808,0.32423953911,0.3964508
1479425498642606002,0.34086724283500003,0.40053388
1479425498692668616,0.35233395589199995,0.41048592
1479425498742739917,0.357556596412,0.41055915
1479425498792676938,0.35953783989,0.42482746
1479425498842636539,0.35953783989,0.45460415
1479425498892733327,0.35792427415399997,0.46490884
1479425498942645547,0.357792496681,0.4746034
1479425498992640329,0.357792496681,0.48134673
1479425499042742605,0.35953783989,0.5022415
1479425499092859444,0.362878922487,0.50398916
1479425499142759394,0.37212763928900006,0.507316
1479425499192776848,0.386949714802,0.5173109
1479425499242876246,0.405974702769,0.52812016
1479425499292775434,0.423279553138,0.54687786
1479425499342766928,0.44253610192500004,0.5548822
1479425499392722252,0.45993776633,0.55166
1479425499442845124,0.480893488245,0.55206084
1479425499492829292,0.496735876892,0.5371618
1479425499542725949,0.502654850483,0.53340364
1479425499592837492,0.496127805946,0.5358272
1479425499642892583,0.480238803438,0.52673084
1479425499692959626,0.460188161198,0.5276685
1479425499742846468,0.441441186308,0.5206271
1479425499792881281,0.431620921456,0.520456
1479425499842883433,0.429351001978,0.5131036
1479425499892913138,0.429351001978,0.5053137
1479425499942882570,0.424663040287,0.5016042
1479425499993039233,0.411225587091,0.49239644
1479425500042972444,0.389136916855,0.45494962
1479425500092845739,0.36772148245999997,0.4311487
1479425500142963181,0.349108347283,0.39490917
1479425500192882322,0.31952564929099997,0.36908245
1479425500242983217,0.296219085993,0.35794133
1479425500292950752,0.280540429,0.32312867
1479425500342907504,0.269444734428,0.29075608
1479425500392944709,0.263881048583,0.28592572
1479425500442881475,0.260748981728,0.27484947
1479425500492897258,0.252393513126,0.25789788
1479425500542951188,0.241569856197,0.22659074
1479425500593017391,0.227982753832,0.21041824
1479425500642994512,0.21490754079,0.18537903
1479425500692983909,0.204955403963,0.17937258
1479425500743011567,0.19896753132300002,0.17602451
1479425500793030226,0.19722220301600002,0.17012602
1479425500842968061,0.19722220301600002,0.1568149
1479425500892963231,0.19722220301600002,0.14934732
1479425500943178256,0.194521849678,0.13906321
1479425500993019626,0.18625369001800002,0.12977193
1479425501043092682,0.173170962213,0.11884772
1479425501093063752,0.153988400378,0.11504364
1479425501143017832,0.128302802572,0.11084685
1479425501193120464,0.102145135681,0.09644982
1479425501243019895,0.0790252152494,0.0901905
1479425501293081275,0.06852460556699999,0.08340941
1479425501343061858,0.0680678412318,0.079348765
1479425501393203374,0.0680678412318,0.0790385
1479425501443107391,0.0680678412318,0.08215596
1479425501493134396,0.0655372355662,0.092561156
1479425501543086850,0.0624496502081,0.08931207
1479425501593121117,0.056347718295300005,0.08114943
1479425501643048836,0.0477854372117,0.08554869
1479425501693098871,0.033474266644700004,0.08573813
1479425501743170770,0.018122652861400003,0.062522545
1479425501793127270,0.00750518549645,0.07407308
1479425501843141897,0.0069813169539,0.08629461
1479425501893132976,0.00818772547096,0.08461138
1479425501943119756,0.0222432715944,0.07583222
1479425501993174594,0.0414300985346,0.05406315
1479425502043269577,0.0647625893859,0.048304338
1479425502093224665,0.08969928604589998,0.03446817
1479425502143258525,0.10882510939099999,0.017915998
1479425502193369929,0.11693705618400001,0.00038849725
1479425502243241339,0.11082454009199999,-0.0064700046
1479425502293293122,0.0936753292826,-0.016902052
1479425502343271627,0.0684125280386,-0.016115684
1479425502393302762,0.0495262731822,-0.028525166
1479425502443328445,0.030069473837900002,-0.031225193
1479425502493306259,0.011187857475100002,-0.019072998
1479425502543290803,-0.00399220856803,-0.020487681
1479425502593285804,-0.012687949476600001,-0.030678947
1479425502643303318,-0.0157079640776,-0.051661618
1479425502693391452,-0.0157079640776,-0.06358585
1479425502743334729,-0.0157079640776,-0.069267936
1479425502793454825,-0.0157079640776,-0.083379686
1479425502843480138,-0.0157079640776,-0.09409614
1479425502893402603,-0.0167897497046,-0.11417903
1479425502943354570,-0.0176499024025,-0.12635338
1479425502993521738,-0.0191986225545,-0.12959181
1479425503043380173,-0.0230626909784,-0.15065841
1479425503093395746,-0.032827828260200004,-0.14715253
1479425503143448279,-0.0387453777144,-0.14878747
1479425503193521390,-0.0530541517684,-0.12598617
1479425503243472403,-0.0741244053169,-0.15063536
1479425503293469382,-0.0969300113663,-0.17720592
1479425503343450042,-0.123216438414,-0.18151714
1479425503393465567,-0.15471282310999998,-0.19618514
1479425503443495880,-0.18596528063200002,-0.2034031
1479425503493463376,-0.215427899666,-0.20929958
1479425503543495783,-0.237723292802,-0.20995724
1479425503593493939,-0.25079359792399997,-0.21827206
1479425503643464163,-0.256667152064,-0.21543594
1479425503693471617,-0.25830873846999997,-0.2127259
1479425503743472079,-0.256472246117,-0.20692265
1479425503793576126,-0.254818081856,-0.21403511
1479425503843477810,-0.254818081856,-0.23671103
1479425503893566070,-0.254818081856,-0.2502315
1479425503943601323,-0.254818081856,-0.28185478
1479425503993682970,-0.25749041478100004,-0.30830705
1479425504043577244,-0.26713182932199997,-0.33915454
1479425504093580095,-0.277601694936,-0.34554926
1479425504143588834,-0.289808686559,-0.3614549
1479425504193582094,-0.302073486053,-0.37545085
1479425504243614758,-0.31599248518,-0.3868637
1479425504293446898,-0.332505324794,-0.40275013
1479425504343633106,-0.347367699533,-0.40453932
1479425504393656555,-0.360401129748,-0.41265732
1479425504443634981,-0.370014403758,-0.4157306
1479425504493604126,-0.373500466347,-0.38331914
1479425504543788742,-0.370011824046,-0.35729456
1479425504593708039,-0.361310466876,-0.33209297
1479425504643676442,-0.34745045600999996,-0.3017909
1479425504693699716,-0.32655406553599997,-0.28961372
1479425504743700925,-0.30217588697299996,-0.28767973
1479425504793667815,-0.283662651648,-0.32607
1479425504843747917,-0.279252678156,-0.34618604
1479425504893659745,-0.28516739886799997,-0.3654221
1479425504943707162,-0.29825275267900003,-0.37155673
1479425504993711060,-0.315604045507,-0.36943156
1479425505043719412,-0.327511153466,-0.36435688
1479425505093754393,-0.335880560805,-0.35896754
1479425505143783201,-0.336848556995,-0.36395654
1479425505193774128,-0.336848556995,-0.35494724
1479425505243732915,-0.336848556995,-0.34656268
1479425505293791774,-0.337604406338,-0.34056804
1479425505343786738,-0.33859387040100003,-0.3367092
1479425505393844069,-0.333600864699,-0.3410273
1479425505443808045,-0.323281421331,-0.3387219
1479425505493778141,-0.31021873603,-0.3330016
1479425505543802008,-0.29380452555799996,-0.3321562
1479425505593836207,-0.284800765763,-0.31067368
1479425505643791307,-0.28115926829599996,-0.2958228
1479425505693850237,-0.28274333476999997,-0.25437766
1479425505743861502,-0.28448867797899996,-0.21083398
1479425505793877378,-0.28274333476999997,-0.20677197
1479425505843834534,-0.279252678156,-0.19663166
1479425505893868864,-0.271589494652,-0.19769342
1479425505943854890,-0.260860978134,-0.19519514
1479425505993817337,-0.246935769353,-0.19724078
1479425506043932577,-0.234294744432,-0.19596119
1479425506094003680,-0.223821655,-0.20336144
1479425506143904413,-0.21687127547200002,-0.20940685
1479425506193823670,-0.21816615760299998,-0.19811262
1479425506243886130,-0.22141353872900002,-0.20850898
1479425506293995734,-0.22228877303300001,-0.21461669
1479425506344115945,-0.223402142525,-0.1921082
1479425506394035143,-0.21692075328299998,-0.17386404
1479425506443985878,-0.200285098881,-0.16094589
1479425506494008154,-0.178497256022,-0.16484289
1479425506544097778,-0.156415541224,-0.17432773
1479425506594004740,-0.130854215758,-0.17351249
1479425506644052165,-0.10935976032,-0.17648806
1479425506694020044,-0.0971626262389,-0.16985843
1479425506743997044,-0.09599310904740001,-0.15973452
1479425506794044997,-0.0982987056939,-0.15631588
1479425506844036603,-0.102655521131,-0.15344146
1479425506894065640,-0.10701063120200001,-0.16012616
1479425506944034175,-0.109624351222,-0.18463871
1479425506994141684,-0.11398252425699999,-0.19626047
1479425507044125949,-0.12008925111199999,-0.18303579
1479425507094099864,-0.128979963724,-0.17223762
1479425507144115839,-0.142056439691,-0.17549023
1479425507194126980,-0.153383671318,-0.16361526
1479425507244150218,-0.163332785275,-0.16216649
1479425507294133319,-0.169796542895,-0.17592321
1479425507344094168,-0.172787591815,-0.18321888
1479425507394213235,-0.176768020413,-0.17867507
1479425507444218669,-0.181124225398,-0.18466356
1479425507494319077,-0.18597500980999998,-0.18153135
1479425507544173435,-0.197328842538,-0.16935383
1479425507594210936,-0.21302610614300002,-0.1709712
1479425507644241617,-0.230464216045,-0.17624637
1479425507694214918,-0.23736478388300003,-0.18094091
1479425507744166667,-0.234749008828,-0.15156907
1479425507794249045,-0.219487185049,-0.15683937
1479425507844199990,-0.19783105767,-0.13410558
1479425507894306288,-0.176364995159,-0.14306621
1479425507944252759,-0.161532558772,-0.14916386
1479425507994222748,-0.160570293665,-0.14103317
1479425508044344060,-0.166616163637,-0.14471924
1479425508094306324,-0.175676259853,-0.1629676
1479425508144252721,-0.18449654234299998,-0.1573837
1479425508194324860,-0.186750233173,-0.15783545
1479425508244288432,-0.183769138147,-0.15649532
1479425508294379650,-0.181514248252,-0.18717457
1479425508344412031,-0.18275463124699998,-0.21097127
1479425508394434830,-0.187468746794,-0.20053817
1479425508444283094,-0.19734889592500002,-0.19507608
1479425508494404158,-0.20629007508000002,-0.17663352
1479425508544419820,-0.210646037665,-0.17899719
1479425508594368923,-0.21293017268199999,-0.16218041
1479425508644379140,-0.215304738948,-0.16262142
1479425508694441560,-0.22021819847399998,-0.18951459
1479425508744525468,-0.223402142525,-0.20214388
1479425508794406620,-0.225147470832,-0.20810358
1479425508844382225,-0.22689279913899998,-0.2069795
1479425508894431058,-0.22689279913899998,-0.19303598
1479425508944370054,-0.22689279913899998,-0.2022779
1479425508994415680,-0.225421477236,-0.19532375
1479425509044401448,-0.22916548384399998,-0.19819537
1479425509094452123,-0.23640890054900002,-0.18786277
1479425509144459014,-0.246591916243,-0.19111107
1479425509194503615,-0.255070036069,-0.20101248
1479425509244523914,-0.261161926877,-0.220606
1479425509294493508,-0.267035365105,-0.22299887
1479425509344527001,-0.268780708313,-0.2519318
1479425509394485367,-0.2724905517,-0.2646331
1479425509444582032,-0.278599712263,-0.27625737
1479425509494509691,-0.288389530964,-0.25361905
1479425509544617554,-0.29778667227600003,-0.24688238
1479425509594569041,-0.305432617664,-0.23371993
1479425509644567991,-0.307177960873,-0.24141282
1479425509694622934,-0.307177960873,-0.24194035
1479425509744545074,-0.306143621087,-0.23884359
1479425509794532223,-0.301615069961,-0.25377786
1479425509844595148,-0.29359591959000003,-0.26631415
1479425509894640364,-0.282260515143,-0.27021948
1479425509944582688,-0.269214852121,-0.27629977
1479425509994639991,-0.256142997715,-0.26725492
1479425510044600373,-0.244820889562,-0.26146072
1479425510094649582,-0.240724307625,-0.2770001
1479425510144652007,-0.23911011219,-0.27690086
1479425510194633153,-0.23911011219,-0.2687582
1479425510244600609,-0.23911011219,-0.262204
1479425510294808619,-0.240855440497,-0.2543994
1479425510344672783,-0.24181569497299998,-0.25999197
1479425510394715866,-0.242600768805,-0.2618014
1479425510445365476,-0.24361517601399998,-0.25913167
1479425510494730986,-0.246012543802,-0.24375084
1479425510544662756,-0.243414646659,-0.22044829
1479425510594747498,-0.233676257955,-0.20803884
1479425510644814523,-0.21697166168,-0.19678405
1479425510694740913,-0.193499827241,-0.18435399
1479425510744770118,-0.16994984053800002,-0.17761615
1479425510794750012,-0.146463925977,-0.18748623
1479425510844766567,-0.127292701195,-0.1827324
1479425510894755431,-0.11518147177799999,-0.1751817
1479425510944834508,-0.111701071262,-0.16916606
1479425510994815995,-0.111715905595,-0.1586034
1479425511044826008,-0.11432448081299999,-0.15240505
1479425511094844418,-0.120428900518,-0.15521953
1479425511144808457,-0.123897418446,-0.15668276
1479425511194808200,-0.132596916138,-0.15924007
1479425511244815064,-0.14476569729,-0.14476568
1479425511294823093,-0.165626692893,-0.13630539
1479425511344894728,-0.187462062281,-0.12238
1479425511394898629,-0.20577772171300002,-0.11537533
1479425511444891215,-0.211184844375,-0.09988938
1479425511494896236,-0.206008585397,-0.08027517
1479425511544864801,-0.19049269899500001,-0.07146357
1479425511594886489,-0.169721324964,-0.06252092
1479425511644907054,-0.153890597888,-0.05729776
1479425511694928976,-0.13812683354,-0.048902407
1479425511744878109,-0.130119882804,-0.02956758
1479425511794935446,-0.127409040928,-0.017806854
1479425511844959004,-0.127409040928,-0.012090396
1479425511894958536,-0.125663712621,-0.00983543
1479425511945487919,-0.125663712621,-0.0012710737
1479425511994990408,-0.12054881347999999,-0.0012710737
1479425512045030868,-0.11793223350700001,-0.0012710737
1479425512095066712,-0.111832578209,-0.0012710737
1479425512144848452,-0.105746774284,-0.0012710737
1479425512194844837,-0.09964420259569999,-0.0012710737
1479425512244850158,-0.09284196605669999,-0.0012710737
1479425512294845525,-0.0825596206938,-0.0012710737
1479425512344943550,-0.06702373340319999,0.01271997
1479425512394861538,-0.0496301602338,0.027313162
1479425512444921374,-0.0304415039935,0.045085818
1479425512494908025,-0.0145775784509,0.058739193
1479425512544946358,-0.0015169096713,0.06888475
1479425512594940222,0.008304676415960001,0.07768744
1479425512645007409,0.0211703350197,0.06979634
1479425512695141589,0.029244149792299997,0.06981597
1479425512745250675,0.033818607703400005,0.07774612
1479425512795177387,0.0349065847695,0.070643745
1479425512845240244,0.0366519130766,0.07042426
1479425512895205048,0.0349065847695,0.06188986
1479425512945251940,0.0349065847695,0.041676577
1479425512995186768,0.0349065847695,0.049761012
1479425513045211659,0.03551772128319999,0.07556445
1479425513095228651,0.0381345568194,0.090697445
1479425513145267172,0.041338191311099996,0.08351618
1479425513195230792,0.045104407309099995,0.08211096
1479425513245358337,0.047718435824999995,0.0734826
1479425513295260317,0.0506145469844,0.060335364
1479425513345380300,0.0523598790169,0.039039243
1479425513395216792,0.050921531954500006,0.046650328
1479425513445582165,0.0506145469844,0.034473952
1479425513495278060,0.0506145469844,0.019601006
1479425513545351566,0.0500596730487,0.017048463
1479425513595285572,0.0488692186773,0.021587167
1479425513645375363,0.0488692186773,0.015459039
1479425513695220962,0.047476035773999996,0.002487373
1479425513745388650,0.046596044249200004,0.0020700856
1479425513795230944,0.043997226302500005,-0.0012710737
1479425513845262146,0.04363323003050001,-0.0012710737
1479425513895203134,0.04363323003050001,-0.0012710737
1479425513945317922,0.04363323003050001,-0.0012710737
1479425513995328583,0.04363323003050001,-0.0012710737
1479425514045254862,0.0418879017234,-0.0012710737
1479425514095279518,0.0405470871186,-0.0012710737
1479425514145303838,0.0374743206571,-0.0012710737
1479425514195313805,0.0274314926627,-0.0012710737
1479425514245311537,0.0130664880724,-0.0012710737
1479425514295272625,0.00304203911903,-0.0012710737
1479425514345357770,0.00174532923847,-0.0012710737
1479425514395362039,0.00174532923847,-0.0012710737
1479425514445312366,0.00174532923847,-0.0012710737
1479425514495334700,0.00349065847695,-0.0012710737
1479425514545330993,0.0030832061409599995,-0.0012710737
1479425514595322581,0.00174532923847,-0.0012710737
1479425514645343270,0.00174532923847,-0.0012710737
1479425514695370335,0.00174532923847,-0.0012710737
1479425514745450231,0.00174532923847,-0.0012710737
1479425514795406476,0.000495662983787,-0.0012710737
1479425514845369389,0.0,-0.0012710737
1479425514895436819,0.0,-0.0012710737
1479425514946006229,0.0,-0.0012710737
1479425514995423474,0.0,-0.0012710737
1479425515045485604,0.0,-0.0012710737
1479425515095480427,0.0,-0.0012710737
1479425515145465282,-0.00174532923847,-0.0012710737
1479425515195453430,-0.00174532923847,-0.0012710737
1479425515245518072,-0.00206406250464,-0.0012710737
1479425515295494416,-0.00349065847695,-0.0012710737
1479425515345520206,-0.00349065847695,-0.0012710737
1479425515395502100,-0.00349065847695,-0.0012710737
1479425515445577163,-0.00349065847695,-0.0012710737
1479425515495565334,-0.00523598771542,-0.0012710737
1479425515545531672,-0.00523598771542,-0.0012710737
1479425515595544903,-0.00409398878229,-0.0012710737
1479425515645577335,-0.00349065847695,-0.0012710737
1479425515695531458,-0.00349065847695,-0.0012710737
1479425515745644199,-0.00349065847695,-0.0012710737
1479425515795621998,-0.00349065847695,-0.0012710737
1479425515845622566,-0.00349065847695,-0.0012710737
1479425515895624399,-0.00238779023537,-0.0012710737
1479425515945607313,0.0,-0.0012710737
1479425515995619885,0.00107606043042,0.0021542546
1479425516045751491,0.00174532923847,-0.0012710737
1479425516095727106,0.00174532923847,-0.0012710737
1479425516145708534,0.00174532923847,0.0042920527
1479425516195656321,0.00174532923847,0.0041989423
1479425516245653587,0.00174532923847,0.0021415479
1479425516295668075,0.00279553393139,0.005661381
1479425516345679004,0.0036632631681,-0.0012710737
1479425516395667869,0.00523598771542,0.0010876814
1479425516446248377,0.00329150139622,-0.0012710737
1479425516495721271,-0.000306364310999,0.004904623
1479425516545736792,-0.007129946724199999,0.0041604512
1479425516595750532,-0.0104719754308,0.0034781247
1479425516645756167,-0.0104719754308,0.009727601
1479425516695712659,-0.0104719754308,0.010015213
1479425516745738679,-0.006859729567229999,0.0055023734
1479425516795751163,-0.00252271073298,0.00044684578
1479425516845813990,-0.00174532923847,-0.0012710737
1479425516895844960,-0.0027219045856,-0.0012710737
1479425516945830162,-0.00358222391144,-0.0012710737
1479425516995852363,-0.00523598771542,0.001448788
1479425517045786997,-0.00523598771542,0.0057433764
1479425517095839291,-0.00523598771542,0.00640157
1479425517145883715,-0.00523598771542,0.0053108167
1479425517195817392,-0.00349065847695,0.0028252336
1479425517245854183,0.0,-0.0011755772
1479425517295849722,0.0,-0.0012710737
1479425517345925350,0.0,0.009719398
1479425517395867402,0.0,-0.0012710737
1479425517445941223,0.0,-0.0012710737
1479425517495869723,0.0,-0.0012710737
1479425517545927933,0.0,-0.0012710737
1479425517595933857,0.0,-0.0012710737
1479425517645904222,0.0,-0.0012710737
1479425517695927035,0.0,-0.0012710737
1479425517745932102,0.0,-0.0012710737
1479425517795929864,0.0,-0.0012710737
1479425517846016082,0.0,-0.0012710737
1479425517895952489,0.00174532923847,-0.0012710737
1479425517945994315,0.0,-0.0012710737
1479425517995946341,0.0,-0.0012710737
1479425518045978177,0.0,-0.0012710737
1479425518096055331,0.00174532923847,-0.0012710737
1479425518146081577,0.00174532923847,-0.0012710737
1479425518196060079,0.00174532923847,-0.0012710737
1479425518246029594,0.00174532923847,-0.0012710737
1479425518296052711,0.00174532923847,-0.0012710737
1479425518346009073,0.00174532923847,-0.0012710737
1479425518396032071,0.00174532923847,0.012760089
1479425518446032950,0.00174532923847,0.019070838
1479425518496042111,0.00174532923847,0.031649046
1479425518546087245,0.00174532923847,0.03307286
1479425518596115590,0.0024957081575300005,0.027537264
1479425518646134068,0.00685252806079,0.020509675
1479425518696180177,0.008726646192370001,0.015314507
1479425518746130615,0.0120557780456,0.008443961
1479425518796210363,0.0139626339078,0.0074163247
1479425518846129848,0.0139626339078,0.006981085
1479425518896212765,0.009038208729649999,0.0044758255
1479425518946161155,0.0020853246782,-0.0012710737
1479425518996173454,0.00104765188191,0.00070535485
1479425519046215719,0.0,0.0011325846
1479425519096175113,0.0,-0.0012710737
1479425519146208459,0.0,-0.0012710737
1479425519196176755,-0.0037518566535100005,-0.0012710737
1479425519246305767,-0.018397701423,-0.0012710737
1479425519296181009,-0.029891597681499998,-0.0012710737
1479425519346410173,-0.0412759256663,-0.0012710737
1479425519396263218,-0.045378562063,-0.0012710737
1479425519446200629,-0.043872924051000003,-0.0012710737
1479425519496250478,-0.0371364873509,-0.0012710737
1479425519546232164,-0.0284322003766,-0.0012710737
1479425519596211236,-0.0203307057179,-0.0012710737
1479425519646244666,-0.0191986225545,-0.0012710737
1479425519696250734,-0.0174532923847,-0.0012710737
1479425519746289904,-0.0174532923847,-0.0012710737
1479425519796268780,-0.0168688723872,-0.0012710737
1479425519846313549,-0.011044792286200002,-0.0012710737
1479425519896290952,-0.00465906593448,-0.0012710737
1479425519946311423,0.00144141419284,-0.0012710737
1479425519996306554,0.00349065847695,-0.0012710737
1479425520046335388,0.00349065847695,-0.0012710737
1479425520096306363,0.00174532923847,-0.0012710737
1479425520146410769,0.00174532923847,-0.0012710737
1479425520196339278,0.00120915870054,-0.0012710737
1479425520246419766,0.0014072326668499997,-0.0012710737
1479425520296428839,0.00174532923847,-0.0012710737
1479425520346368633,0.00174532923847,-0.0012710737
1479425520396369663,0.00174532923847,-0.0012710737
1479425520446434787,0.00174532923847,-0.0012710737
1479425520496397663,0.00523598771542,-0.0012710737
1479425520546399407,0.0069813169539,-0.0012710737
1479425520596437609,0.0069813169539,-0.0012710737
1479425520646449910,0.0069813169539,-0.0012710737
1479425520696475310,0.008726646192370001,-0.0012710737
1479425520746462348,0.010063988849799999,-0.0012710737
1479425520796460314,0.0131324655158,-0.0012710737
1479425520846491894,0.0293039561041,-0.0012710737
1479425520896526083,0.055494767315600005,-0.0012710737
1479425520946569901,0.0846490324459,-0.0012710737
1479425520996482435,0.10208587464400001,-0.0012710737
1479425521046508545,0.10517426645500001,-0.0012710737
1479425521096592599,0.09560799725199999,-0.0012710737
1479425521146578194,0.0695191886068,-0.0012710737
1479425521196546857,0.0420064348845,-0.0012710737
1479425521246570105,0.0258722006769,-0.0012710737
1479425521296564431,0.015319875691500002,-0.0012710737
1479425521346533439,0.012217304669299999,-0.0012710737
1479425521396617625,0.008726646192370001,-0.0012710737
1479425521446557452,0.0057398163898000005,-0.0012710737
1479425521496593618,-0.000734295491834,-0.0012710737
1479425521546620413,-0.00944928694654,-0.0012710737
1479425521596659375,-0.016064235939200002,-0.0012710737
1479425521646609900,-0.0162479582476,-0.0012710737
1479425521696704425,-0.015370480044700001,-0.0012710737
1479425521746664196,-0.0139626339078,-0.0012710737
1479425521796612620,-0.0139626339078,-0.0012710737
1479425521846658865,-0.0139626339078,-0.0012710737
1479425521896633230,-0.0160172235397,-0.0012710737
1479425521946659767,-0.0221242881159,-0.0012710737
1479425521996657914,-0.0342866636297,-0.0012710737
1479425522046658012,-0.0506104532384,-0.0012710737
1479425522096664086,-0.061634613429899995,-0.0012710737
1479425522146698478,-0.06457718461749999,-0.0012710737
1479425522196709012,-0.0643097871984,-0.0012710737
1479425522246730504,-0.0599511945804,-0.0012710737
1479425522296728054,-0.053861374529,-0.0012710737
1479425522346778845,-0.0523598790169,-0.0012710737
1479425522396791648,-0.0506145469844,-0.0012710737
1479425522446760352,-0.0495059915216,-0.0012710737
1479425522496785122,-0.046890363032,-0.0012710737
1479425522546799449,-0.0425318083892,-0.0012710737
1479425522596769751,-0.0418879017234,-0.0012710737
1479425522646799903,-0.0418879017234,-0.0012710737
1479425522696852260,-0.0418879017234,-0.0012710737
1479425522746819490,-0.040822608425,-0.0012710737
1479425522796832706,-0.0401425734162,-0.0012710737
1479425522846917485,-0.039074090145999996,-0.0012710737
1479425522896839872,-0.0366519130766,-0.0012710737
1479425522946842605,-0.0356104982787,-0.0012710737
1479425522996817154,-0.033017614178200004,-0.0012710737
1479425523046868163,-0.027600702823799998,-0.0012710737
1479425523096818651,-0.0189077753335,-0.0012710737
1479425523146849309,-0.00741645200174,-0.0012710737
1479425523196828112,0.0021166098397,0.0029698433
1479425523247019664,0.0117770541096,0.009597594
1479425523296947233,0.019327729889,0.011485188
1479425523346911434,0.026179939508400002,-0.0012710737
1479425523396930504,0.026179939508400002,-0.0012710737
1479425523446994860,0.0251916753277,-0.0012710737
1479425523496905046,0.0208459847522,-0.0012710737
1479425523546935140,0.0191986225545,-0.0012710737
1479425523596959177,0.0192892186263,-0.0012710737
1479425523646950361,0.022829140640699998,-0.0012710737
1479425523696922554,0.027997069867799998,-0.0012710737
1479425523746973788,0.0314159281552,-0.0012710737
1479425523796982853,0.0314159281552,-0.0012710737
1479425523846998140,0.0314159281552,-0.0012710737
1479425523897050353,0.0314159281552,-0.0012710737
1479425523947001910,0.0314159281552,-0.0012710737
1479425523997015819,0.0314159281552,-0.0012710737
1479425524047072149,0.033161256462300004,-0.0012710737
1479425524097034939,0.033161256462300004,-0.0012710737
1479425524147065019,0.033161256462300004,-0.0012710737
1479425524197036926,0.033161256462300004,-0.0012710737
1479425524247268634,0.032270072905700005,-0.0012710737
1479425524297028239,0.0314159281552,-0.0012710737
1479425524347165961,0.0314159281552,-0.0012710737
1479425524397172351,0.0314159281552,-0.0012710737
1479425524447183779,0.0314159281552,-0.0012710737
1479425524497114750,0.0314159281552,-0.0012710737
1479425524547198046,0.0314159281552,-0.0012710737
1479425524597077765,0.0314159281552,-0.0012710737
1479425524647179311,0.0305904365661,-0.0012710737
1479425524697172288,0.029670597985400005,-0.0012710737
1479425524747213253,0.0253664081071,-0.0012710737
1479425524797198967,0.0175896162307,-0.0012710737
1479425524847099141,0.00460933758289,-0.0012710737
1479425524897126058,-0.0084680201528,-0.0012710737
1479425524947268033,-0.0157079640776,-0.0012710737
1479425524997230487,-0.0157079640776,-0.0012710737
1479425525047202151,-0.0106767319841,-0.0012710737
1479425525097198542,-0.00360272525151,-0.0012710737
1479425525147240528,0.00500241263606,-0.0012710737
1479425525197277370,0.0119774186363,-0.0012710737
1479425525247253908,0.014707433201299998,-0.0012710737
1479425525297248054,0.0208062292482,-0.0012710737
1479425525347335941,0.0293667039241,-0.0012710737
1479425525397318388,0.0415986178274,0.009996169
1479425525447305406,0.052053772407300004,0.019371405
1479425525497331943,0.0556926952267,0.031567432
1479425525547196977,0.0558505356312,0.02666865
1479425525597294879,0.0558505356312,0.02644265
1479425525647361811,0.0558505356312,0.012928062
1479425525697323757,0.0558505356312,0.0050919564
1479425525747320651,0.057595863938300004,0.012635391
1479425525797336726,0.057595863938300004,0.0066876207
1479425525847393974,0.060008096606999996,0.011472617
1479425525897351021,0.0610865242779,0.017142251
1479425525947334050,0.0610865242779,0.017454192
1479425525997388389,0.0610865242779,0.0015093794
1479425526047376393,0.0610865242779,0.0024878676
1479425526097406724,0.0610865242779,0.006165867
1479425526147399415,0.0610865242779,0.008869789
1479425526197466989,0.0610865242779,0.010590248
1479425526247446177,0.0658029086407,0.014629123
1479425526297415040,0.0759910496103,0.017673254
1479425526347458319,0.0832302349445,0.02139518
1479425526397442287,0.08873196852819999,0.03456007
1479425526447486253,0.093089704862,0.040616825
1479425526497552327,0.0957080319209,0.044202328
1479425526547483695,0.09599310904740001,0.04085275
1479425526597537147,0.0977384373546,0.04701348
1479425526647544180,0.0994837656617,0.074500114
1479425526697487291,0.10265193897500001,0.08850363
1479425526747542449,0.11160346465399999,0.10895681
1479425526797498339,0.122917136478,0.13201347
1479425526847548816,0.130221673165,0.15628478
1479425526897556623,0.137531216742,0.15768696
1479425526947570105,0.143116995692,0.17318225
1479425526997573289,0.143116995692,0.19195504
1479425527047603556,0.143116995692,0.20859762
1479425527097545014,0.143116995692,0.2132417
1479425527147568266,0.143116995692,0.22337852
1479425527197682201,0.143116995692,0.20813304
1479425527247580973,0.141371667385,0.20816228
1479425527297621858,0.140024970317,0.19857018
1479425527347689075,0.13788101077099998,0.19113618
1479425527397618778,0.13788101077099998,0.19138773
1479425527447686387,0.13788101077099998,0.19975677
1479425527497620015,0.13788101077099998,0.19974917
1479425527547657429,0.13788101077099998,0.20388669
1479425527597672082,0.139626339078,0.20283262
1479425527647728256,0.139626339078,0.20377083
1479425527697739259,0.139626339078,0.1901946
1479425527747704776,0.144346636971,0.1876312
1479425527797663960,0.158634969633,0.18653205
1479425527847740373,0.1743786406,0.18184987
1479425527897694212,0.187496743686,0.1690858
1479425527947728896,0.190240889788,0.16001737
1479425527997753850,0.190240889788,0.14327802
1479425528047769945,0.182505273956,0.1306684
1479425528097726783,0.172573240308,0.122086786
1479425528148316551,0.165396575538,0.12705305
1479425528197838034,0.164060950279,0.13682789
1479425528247865601,0.164060950279,0.13596964
1479425528297799371,0.165277325013,0.12214857
1479425528347901388,0.165806278586,0.0938708
1479425528397886138,0.165806278586,0.1001057
1479425528447813309,0.165806278586,0.10089768
1479425528497857760,0.165806278586,0.09348749
1479425528547855204,0.165806278586,0.07721355
1479425528597846623,0.165806278586,0.045875855
1479425528647902230,0.165806278586,0.038389653
1479425528697908643,0.165806278586,0.0263094
1479425528747936663,0.165551912669,0.025812626
1479425528797883713,0.162924029222,0.001170747
1479425528847918328,0.160570293665,-0.0012710737
1479425528897922008,0.160570293665,-0.0012710737
1479425528948061523,0.158561720958,-0.0012710737
1479425528997936083,0.157079637051,-0.0012710737
1479425529047962986,0.15510211449,-0.0012710737
1479425529097947458,0.148987868769,-0.0012710737
1479425529148032401,0.141148085579,-0.0012710737
1479425529198028406,0.132182277101,-0.0012710737
1479425529248048710,0.12544719807,-0.0012710737
1479425529297942428,0.12001621826400001,-0.0012710737
1479425529348104149,0.116528291182,-0.0012710737
1479425529397966979,0.11344639957000001,-0.0012710737
1479425529448014833,0.111701071262,-0.0012710737
1479425529498075443,0.111701071262,-0.013762332
1479425529548054482,0.109774462256,-0.018784627
1479425529598071462,0.10367325211000002,-0.026117016
1479425529648051137,0.0919985017889,-0.03588484
1479425529698045292,0.0799679889097,-0.0370884
1479425529748041607,0.0658742145443,-0.06368456
1479425529798089667,0.0500264257825,-0.084071346
1479425529848091457,0.0307184414854,-0.09456223
1479425529898147573,0.00616806680178,-0.09540845
1479425529948104152,-0.0199266123233,-0.09346717
1479425529998091055,-0.0460422320163,-0.09388212
1479425530048144252,-0.0650141971559,-0.08940214
1479425530098139172,-0.07602691314389999,-0.08413889
1479425530148132450,-0.0820304751396,-0.081643105
1479425530198174638,-0.0810645708343,-0.073641375
1479425530248156731,-0.07679449021819999,-0.082220964
1479425530298175553,-0.07409591540289999,-0.08437772
1479425530348173447,-0.0733038261533,-0.08103442
1479425530398154453,-0.0733038261533,-0.072384894
1479425530448227583,-0.07336857582560001,-0.06863489
1479425530498178628,-0.0750491544604,-0.07784616
1479425530548217890,-0.0750491544604,-0.07745094
1479425530598236809,-0.0750491544604,-0.07367743
1479425530648192393,-0.08034944511610001,-0.0746538
1479425530698199875,-0.0837758034468,-0.076188184
1479425530748261185,-0.0837758034468,-0.08300657
1479425530798305282,-0.0837758034468,-0.085431024
1479425530848309440,-0.0855279921279,-0.09658251
1479425530898390653,-0.08901178836819999,-0.09515689
1479425530948308252,-0.0924994368146,-0.10296409
1479425530998326726,-0.0968586627858,-0.11421705
1479425531048264227,-0.10291990719,-0.11949021
1479425531098260424,-0.110741251102,-0.1337049
1479425531148315994,-0.125574121996,-0.14306916
1479425531198325791,-0.13522510158099998,-0.15096873
1479425531248293323,-0.13788101077099998,-0.15437895
1479425531298306964,-0.13788101077099998,-0.16874146
1479425531348329227,-0.13788101077099998,-0.16136648
1479425531398325285,-0.142980306232,-0.15651383
1479425531448335393,-0.155110112331,-0.15517008
1479425531498385992,-0.175812960559,-0.16324592
1479425531548367830,-0.20184117791700001,-0.16267301
1479425531598406863,-0.233143329732,-0.20154655
1479425531648447640,-0.26108632416099997,-0.23984507
1479425531698403977,-0.27981060380999995,-0.21393362
1479425531748437131,-0.292885991593,-0.18437213
1479425531798384832,-0.296705961227,-0.17427793
1479425531848464996,-0.30007368176,-0.21737915
1479425531898412268,-0.305151988815,-0.20122638
1479425531948484772,-0.315494719898,-0.22855371
1479425531998441997,-0.325745643001,-0.24063438
1479425532048444430,-0.344961305378,-0.24885465
1479425532098493605,-0.356047153473,-0.25142646
1479425532148466643,-0.352888067774,-0.23876283
1479425532198492040,-0.34244219208099996,-0.24619481
1479425532248526864,-0.335282386114,-0.27565172
1479425532298531730,-0.335103213787,-0.28486305
1479425532348510394,-0.340147429891,-0.29651964
1479425532398519170,-0.35041197277900005,-0.30497858
1479425532448532068,-0.359129604345,-0.32779378
1479425532498582602,-0.36477380990999997,-0.32874632
1479425532548575697,-0.366302740832,-0.34220856
1479425532598578462,-0.368264466524,-0.358288
1479425532648579248,-0.368264466524,-0.3704558
1479425532698579614,-0.368264466524,-0.37203807
1479425532748601199,-0.371513204489,-0.39118993
1479425532798581824,-0.378233727513,-0.40140116
1479425532848603638,-0.386944260918,-0.4097584
1479425532898578782,-0.400361549097,-0.4184379
1479425532948639037,-0.419275618648,-0.43151218
1479425532998646394,-0.44574620488300004,-0.44732922
1479425533048609159,-0.477666566805,-0.4577313
1479425533098634101,-0.51079172065,-0.44620648
1479425533148668559,-0.5442138152179999,-0.47095925
1479425533198643478,-0.570068332466,-0.54178697
1479425533248712270,-0.588691991408,-0.5997923
1479425533298737132,-0.603817885589,-0.6447225
1479425533348722128,-0.616877488603,-0.7378933
1479425533398761487,-0.633925743763,-0.88472795
1479425533448764296,-0.651423630144,-0.9820649
1479425533498758390,-0.670590155714,-0.94162697
1479425533548734817,-0.6911481281180001,-0.97077805
1479425533598757102,-0.712363477521,-0.98617613
1479425533648805249,-0.7312453745990001,-0.98399216
1479425533698769797,-0.7440152598109999,-1.068664
1479425533748779819,-0.7501019322429999,-1.1426201
1479425533798750681,-0.750491559505,-1.1078674
1479425533848771224,-0.752236902714,-1.0967771
1479425533898746577,-0.7562002143909999,-1.191618
1479425533948818614,-0.7623092590520001,-1.1186008
1479425533998875954,-0.7719000482960001,-1.2217615
1479425534048823520,-0.7775709877399999,-1.294309
1479425534098795837,-0.778416872025,-1.2196437
1479425534148861154,-0.778416872025,-1.2728771
1479425534198830438,-0.7805980951420001,-1.3309973
1479425534248838831,-0.7836528420450001,-1.1457621
1479425534298831138,-0.783230488865,-1.0558993
1479425534348871740,-0.781907498837,-1.0879387
1479425534398873589,-0.781907498837,-1.1443433
1479425534448993255,-0.781907498837,-1.1862345
1479425534498905778,-0.77587604692,-1.1988577
1479425534548985328,-0.771915835171,-1.2260313
1479425534598960565,-0.767944872379,-1.1891565
1479425534648929715,-0.764949975936,-1.0369772
1479425534698918691,-0.7546133239210001,-0.8782533
1479425534748969119,-0.738551080757,-0.81336457
1479425534798959181,-0.713067333648,-0.7427103
1479425534849021673,-0.679563256213,-0.66229546
1479425534898952575,-0.642336200665,-0.5991806
1479425534949033376,-0.597476540355,-0.53459114
1479425534998981215,-0.555171444666,-0.46954432
1479425535049025055,-0.511591920139,-0.4256477
1479425535099058605,-0.47181335158200005,-0.35262278
1479425535149136793,-0.43375023214100006,-0.2938095
1479425535199027366,-0.397268746027,-0.21592373
1479425535249070641,-0.362351973026,-0.18941952
1479425535299088427,-0.327478039168,-0.20996293
1479425535349018531,-0.295596271403,-0.2020183
1479425535399103411,-0.265037853026,-0.18861873
1479425535449083924,-0.24036077108399997,-0.16544032
1479425535499077294,-0.224350380517,-0.15234679
1479425535549108138,-0.215286547815,-0.13597617
1479425535599116798,-0.209184609598,-0.11987096
1479425535649074456,-0.204830716419,-0.106628716
1479425535699136396,-0.198725985376,-0.10058632
1479425535749054519,-0.19153349261799998,-0.095092475
1479425535799114932,-0.176928075194,-0.08848936
1479425535849154219,-0.155746266189,-0.079759695
1479425535899172409,-0.131780452858,-0.07342561
1479425535949169548,-0.11437922052,-0.06194937
1479425535999258377,-0.10451030525800001,-0.06011824
1479425536049157836,-0.10402934819399999,-0.05147012
1479425536099215437,-0.11031966916099999,-0.064517334
1479425536149137963,-0.118335986735,-0.06644263
1479425536199140153,-0.120427720249,-0.06509105
1479425536249190429,-0.119398884168,-0.056686252
1479425536299236817,-0.11344639957000001,-0.065833814
1479425536349332201,-0.110674993752,-0.05176161
1479425536399289268,-0.104424960133,-0.048334178
1479425536449291580,-0.101229093969,-0.047585927
1479425536499254832,-0.101364848412,-0.042863414
1479425536549278290,-0.106714819598,-0.05199992
1479425536599350381,-0.11356839135999999,-0.042371288
1479425536649394335,-0.120664813526,-0.06754953
1479425536699309364,-0.127604806213,-0.072445415
1479425536749264384,-0.133612557263,-0.08518228
1479425536799313846,-0.136230969341,-0.090819694
1479425536849334560,-0.13884324554000002,-0.11022778
1479425536899321059,-0.141371667385,-0.12100599
1479425536949350817,-0.141371667385,-0.12950091
1479425536999307962,-0.13956303377499998,-0.14761116
1479425537049360467,-0.134265149794,-0.156012
1479425537099321938,-0.12197203283399999,-0.16838272
1479425537149444934,-0.10449860732699999,-0.1877424
1479425537199312647,-0.0906810714977,-0.19075999
1479425537249527048,-0.0828558638133,-0.19855502
1479425537299432948,-0.0803147650123,-0.19426498
1479425537349385340,-0.0829242405392,-0.20001137
1479425537399403572,-0.0890386940775,-0.20783548
1479425537449534772,-0.100417342922,-0.19830516
1479425537499378866,-0.111693245578,-0.19937572
1479425537549408926,-0.122161653448,-0.20269273
1479425537599476603,-0.13261866448100001,-0.22307555
1479425537649445880,-0.144792453684,-0.20888565
1479425537699393523,-0.157014842987,-0.20855622
1479425537749448648,-0.173562638182,-0.22504339
1479425537799432595,-0.19177877797,-0.27138036
1479425537849505327,-0.209265786533,-0.29213697
1479425537899571540,-0.230209602247,-0.32462358
1479425537949460826,-0.248404079642,-0.3515657
1479425537999541591,-0.272028333527,-0.34831294
1479425538049578178,-0.287715937649,-0.34416333
1479425538099525197,-0.300044743346,-0.33664674
1479425538149537289,-0.30796927219000003,-0.32460493
1479425538199508483,-0.310668617487,-0.3185077
1479425538249580894,-0.310668617487,-0.3255715
1479425538299487793,-0.310668617487,-0.34815636
1479425538349579429,-0.312413930893,-0.35327154
1479425538399630127,-0.312413930893,-0.34327257
1479425538449567057,-0.310668617487,-0.30275097
1479425538499630355,-0.308923274279,-0.3361053
1479425538549684588,-0.304689077511,-0.33457413
1479425538599588719,-0.300344573988,-0.3504426
1479425538649625387,-0.297727572854,-0.33754182
1479425538699680148,-0.293370734601,-0.31474528
1479425538749604411,-0.28831506244000005,-0.31973603
1479425538799639252,-0.27977013373000004,-0.3237623
1479425538849688773,-0.27087140186,-0.35137692
1479425538899665539,-0.262170137448,-0.37106127
1479425538949671862,-0.260054051876,-0.39206773
1479425538999666850,-0.260054051876,-0.3754372
1479425539049654751,-0.266623234975,-0.34849864
1479425539099719805,-0.275344073304,-0.39175957
1479425539149854211,-0.27750736475000004,-0.42335936
1479425539199729469,-0.275984428121,-0.4047228
1479425539249747694,-0.269881498176,-0.40662053
1479425539299713964,-0.262279540301,-0.39896864
1479425539349816840,-0.255928122298,-0.38126618
1479425539399729648,-0.254818081856,-0.3952344
1479425539449796685,-0.254818081856,-0.36742672
1479425539499788184,-0.25628858328299997,-0.35011393
1479425539549830724,-0.26066040535,-0.3341303
1479425539599674596,-0.271363577124,-0.3227417
1479425539649870315,-0.282775256383,-0.30495983
1479425539699866715,-0.294392212443,-0.3123546
1479425539749913621,-0.296705961227,-0.2921813
1479425539799916152,-0.293510664566,-0.28197414
1479425539849944023,-0.284511607306,-0.25885612
1479425539899902531,-0.271506542558,-0.2387751
1479425539950044587,-0.254342398189,-0.2121101
1479425539999990608,-0.238330228329,-0.22255188
1479425540049895564,-0.225813450784,-0.17031951
1479425540100005772,-0.220241408571,-0.16666907
1479425540149925565,-0.21991148590999998,-0.14952376
1479425540199978643,-0.2213088312,-0.14482522
1479425540249957662,-0.223402142525,-0.14202335
1479425540299874000,-0.223402142525,-0.12972301
1479425540349887335,-0.216679183154,-0.12822534
1479425540399880633,-0.20671608789299997,-0.12063675
1479425540450000195,-0.19749567075399999,-0.09462664
1479425540500045535,-0.18752317384,-0.09603368
1479425540549910374,-0.172670843336,-0.06791402
1479425540599999736,-0.156953405841,-0.036672223
1479425540649939928,-0.137850102088,0.0036019376
1479425540699935321,-0.117309478982,0.03516065
1479425540750013810,-0.0959690677241,0.05095751
1479425540800030852,-0.0785649543056,0.06520995
1479425540849973132,-0.0628639272124,0.12202708
1479425540900084990,-0.0471481923109,0.14518201
1479425540949986786,-0.029345054432,0.18027431
1479425540999962619,-0.00803801768912,0.23819713
1479425541049996630,0.0249593606374,0.24076983
1479425541100026278,0.0683564296771,0.23904659
1479425541150119020,0.108600763408,0.2758063
1479425541200086277,0.149187379476,0.2719313
1479425541250059567,0.194410811582,0.27212682
1479425541300087695,0.23928327961999998,0.26070186
1479425541350134802,0.276987767103,0.2857307
1479425541400092845,0.30882646361099997,0.30714226
1479425541450155962,0.333296858939,0.32923743
1479425541500093733,0.35341401183399995,0.3463492
1479425541550131504,0.37136333692699997,0.3636789
1479425541600157348,0.38881066438600004,0.38395676
1479425541650213798,0.40450213136,0.42291933
1479425541700184339,0.41842344909,0.43899643
1479425541750129294,0.432025289574,0.45818865
1479425541800201088,0.44511562355400003,0.5003882
1479425541850214201,0.45408868263,0.503247
1479425541900135273,0.46018289677,0.5197235
1479425541950269339,0.466002911329,0.5305209
1479425542000193075,0.46890087056699997,0.5271032
1479425542050243901,0.469493567944,0.54234195
1479425542100178255,0.471238911152,0.56024945
1479425542150179904,0.47672937225699996,0.58536613
1479425542200332090,0.48048314726999997,0.58614194
1479425542250188411,0.481710880995,0.6052872
1479425542300264703,0.481710880995,0.63658404
1479425542350292770,0.48194204465499996,0.6360333
1479425542400302505,0.483456194401,0.6157979
1479425542450284490,0.483456194401,0.60169905
1479425542500341982,0.483456194401,0.59564877
1479425542550268750,0.483456194401,0.5868075
1479425542600251916,0.483456194401,0.5896271
1479425542650309273,0.481519947776,0.57083654
1479425542700349426,0.479965537786,0.57489985
1479425542750388246,0.479965537786,0.5671471
1479425542800360824,0.479965537786,0.5412319
1479425542850376607,0.47422337688999994,0.48485538
1479425542900324682,0.462919450627,0.46061513
1479425542950417438,0.44442260257399996,0.43462953
1479425543000366685,0.423233797372,0.40268606
1479425543050363591,0.39506068915799997,0.36480606
1479425543100384243,0.363972597724,0.33920464
1479425543150410078,0.337948580035,0.33990052
1479425543200367100,0.318169947128,0.32447448
1479425543250461643,0.305075521928,0.30937475
1479425543300580980,0.29372155733000005,0.27662274
1479425543350409124,0.28428918769699996,0.27566618
1479425543400470359,0.276539556492,0.2619338
1479425543450500165,0.270434994684,0.23455568
1479425543500458904,0.265137191637,0.21307017
1479425543550515024,0.254499314,0.18440059
1479425543600414654,0.23711245918999999,0.16605917
1479425543650456326,0.21961892982500003,0.15214716
1479425543700514429,0.196888280854,0.14664587
1479425543750480658,0.172385581757,0.1345544
1479425543800513590,0.14112731340999998,0.12800866
1479425543850602521,0.120266829072,0.13595136
1479425543900672397,0.10546508870799999,0.12481143
1479425543950534573,0.09245764774609999,0.12001021
1479425544000530418,0.08285551145680001,0.11574132
1479425544050639336,0.0767782162255,0.09108121
1479425544100514864,0.0724363107573,0.066012785
1479425544150545420,0.07155849784610001,0.06267598
1479425544200618773,0.07155849784610001,0.05430991
1479425544250594881,0.0732870840207,0.058211874
1479425544300611308,0.0802392153773,0.0536117
1479425544350618146,0.0924454676457,0.059466597
1479425544400613328,0.100317686685,0.04613469
1479425544450676032,0.104678644857,0.05920522
1479425544500619859,0.103899988246,0.033461656
1479425544550630139,0.09954281108439998,0.025395755
1479425544600683146,0.09087798814639998,0.01550495
1479425544650663190,0.08384734299539999,-0.0012710737
1479425544700665224,0.0802851468325,-0.0012710737
1479425544750731862,0.0802851468325,-0.0012710737
1479425544800679466,0.0777571102115,-0.0012710737
1479425544850680417,0.0683672353031,-0.0012710737
1479425544900710029,0.0427150601466,-0.0012710737
1479425544950704476,0.0128892272505,-0.0012710737
1479425545000710017,-0.0142482872593,-0.0012710737
1479425545050712458,-0.0278006620008,-0.0012710737
1479425545100782497,-0.0279252678156,-0.0012710737
1479425545150787300,-0.0279252678156,-0.0012710737
1479425545200776586,-0.0318679314459,-0.0012710737
1479425545250724281,-0.0466597825434,-0.0012710737
1479425545300813622,-0.0506145469844,-0.0012710737
1479425545350785174,-0.0490340205215,-0.0012710737
1479425545400795200,-0.0488692186773,-0.0012710737
1479425545450820828,-0.0488692186773,-0.0012710737
1479425545500791466,-0.0471238903701,-0.0012710737
1479425545550775750,-0.0471238903701,-0.0012710737
1479425545600822488,-0.0525913112983,-0.0012710737
1479425545650803520,-0.0655932587592,-0.0012710737
1479425545700861090,-0.069813169539,-0.0012710737
1479425545750880702,-0.06325852880390001,-0.0012710737
1479425545800812603,-0.052206328569300006,-0.0012710737
1479425545850834103,-0.0438715883429,-0.0012710737
1479425545900846542,-0.04363323003050001,-0.0012710737
1479425545950864790,-0.04363323003050001,-0.0012710737
1479425546000886993,-0.0348135687946,-0.0012710737
1479425546050900116,-0.016727298390000003,-0.0012710737
1479425546100922648,0.00355012136664,-0.0012710737
1479425546150948672,0.018387279447500002,0.0016694781
1479425546200944634,0.026179939508400002,-0.0012710737
1479425546250952349,0.024715868,-0.0012710737
1479425546300929611,0.0122193343035,-0.0012710737
1479425546350974256,-0.0026089782438200003,-0.0012710737
1479425546400959812,-0.0104719754308,-0.0012710737
1479425546451009695,-0.0104719754308,-0.0012710737
1479425546500956206,-0.00468095186316,-0.0012710737
1479425546551054350,-0.000317606413674,-0.0012710737
1479425546601047918,0.00174532923847,-0.0012710737
1479425546651053563,0.00174532923847,-0.0012710737
1479425546701078952,0.00174532923847,-0.0012710737
1479425546751147781,0.00452422819538,-0.0012710737
1479425546800985454,0.013207979232399998,-0.0012710737
1479425546851017408,0.025022813469500003,-0.0012710737
1479425546901025082,0.0279252678156,-0.0012710737
1479425546951039456,0.0279252678156,-0.0012710737
1479425547001049232,0.0279252678156,-0.0012710737
1479425547051026985,0.0279252678156,-0.0012710737
1479425547101065936,0.0279252678156,-0.0012710737
1479425547151102112,0.0279252678156,-0.0012710737
1479425547201116961,0.0279252678156,-0.0012710737
1479425547251191653,0.0266045800867,-0.0012710737
1479425547301103173,0.026179939508400002,-0.0012710737
1479425547351154797,0.026179939508400002,-0.0012710737
1479425547401146666,0.022263669026,-0.0012710737
1479425547451116588,0.017909524210400003,-0.0012710737
1479425547501134739,0.0152987892549,-0.0012710737
1479425547551208335,0.0139626339078,-0.0012710737
1479425547601158362,0.0100753391456,-0.0012710737
1479425547651239399,0.0057114859845399995,-0.0012710737
1479425547701227000,0.00349065847695,-0.0012710737
1479425547751217977,0.00174532923847,-0.0012710737
1479425547801173323,0.00174532923847,-0.0012710737
1479425547851250330,0.00174532923847,-0.0012710737
1479425547901173167,0.00174532923847,-0.0012710737
1479425547951248561,0.00174532923847,-0.0012710737
1479425548001202753,0.00174532923847,-0.0012710737
1479425548051310806,0.00174532923847,-0.0012710737
1479425548101314308,0.00174532923847,-0.0012710737
1479425548151285042,0.00120602554287,-0.0012710737
1479425548201283336,0.0014237013490199998,-0.0012710737
1479425548251362584,0.0,-0.0012710737
1479425548301327485,0.0,-0.0012710737
1479425548351295671,0.0,-0.0012710737
1479425548401297298,0.0,-0.0012710737
1479425548451338199,0.0,-0.0012710737
1479425548501355826,0.0,-0.0012710737
1479425548551349265,0.0,-0.0012710737
1479425548601365030,0.0,-0.0012710737
1479425548651349601,0.0,-0.0012710737
1479425548701394456,0.0,-0.0012710737
1479425548751407666,0.0,-0.0012710737
1479425548801379148,0.0,-0.0012710737
1479425548851441051,0.0,-0.0012710737
1479425548901396699,0.0,-0.0012710737
1479425548951416088,0.0,-0.0012710737
1479425549001436173,0.0,-0.0012710737
1479425549051438596,0.0,-0.0012710737
1479425549101420367,0.0,-0.0012710737
1479425549151489213,0.0,-0.0012710737
1479425549201454856,0.0,-0.0012710737
1479425549251520594,0.0,-0.0012710737
1479425549301455235,0.0,-0.0012710737
1479425549351489232,0.0,-0.0012710737
1479425549401529290,0.0,-0.0012710737
1479425549451605357,0.0,-0.0012710737
1479425549501504601,0.0,-0.0012710737
1479425549551537112,0.0,-0.0012710737
1479425549601531611,0.0,-0.0012710737
1479425549651554092,0.0,-0.0012710737
1479425549701586437,0.0,-0.0012710737
1479425549751515766,0.0,-0.0012710737
1479425549801608300,0.0,-0.0012710737
1479425549851573827,0.0,-0.0012710737
1479425549901601395,-0.00011020810454799999,-0.0012710737
1479425549951613378,-0.000978825155583,-0.0012710737
1479425550001604638,-0.00174532923847,-0.0012710737
1479425550051612563,0.0,-0.0012710737
1479425550101580730,0.0,-0.0012710737
1479425550151628097,0.0009301474135549999,-0.0007589348
1479425550201581711,0.00174532923847,0.001848072
1479425550251599591,0.00174532923847,0.016298342
1479425550301684224,0.00174532923847,0.04203705
1479425550351679553,0.0026613591261500005,0.071335115
1479425550401645645,0.0052758436779599995,0.085014515
1479425550451696235,0.00878686996939,0.08976113
1479425550501732668,0.0157721794844,0.09184337
1479425550551749675,0.0244930270442,0.10327545
1479425550601670140,0.0349318444432,0.10908724
1479425550651732780,0.0480392219039,0.109232865
1479425550701752654,0.0645942067765,0.09043119
1479425550751704689,0.0759086137362,0.0900121
1479425550801774608,0.08202189700019999,0.10873904
1479425550851765637,0.0846354188125,0.13441707
1479425550901776443,0.0855211317539,0.13594073
1479425550951788090,0.0855211317539,0.152294
1479425551001721507,0.09242409632710001,0.14745378
1479425551051871594,0.108920148025,0.13873662
1479425551101830995,0.13413278497300002,0.14184698
1479425551151776513,0.16196879921,0.13281134
1479425551201797602,0.184657109783,0.14752267
1479425551251774088,0.19961462659899998,0.15012754
1479425551301888525,0.207622238534,0.17441066
1479425551351799795,0.20690579292300001,0.19150908
1479425551401819346,0.20430385486699998,0.19743109
1479425551451924021,0.19896753132300002,0.19858453
1479425551502013753,0.193919037313,0.22325447
1479425551551844396,0.188775130236,0.20869043
1479425551601920347,0.18337480421100003,0.20944217
1479425551651813444,0.186449603218,0.22887947
1479425551701853546,0.201805405462,0.2529438
1479425551751903398,0.230962982591,0.2771006
1479425551801880606,0.257568767,0.2903611
1479425551851879657,0.27052602171900003,0.2723849
1479425551901916911,0.268936165778,0.25809956
1479425551951917825,0.25690198117400004,0.26030394
1479425552001957267,0.249756814307,0.28721836
1479425552051985269,0.249582082033,0.2895784
1479425552101970866,0.249582082033,0.25700969
1479425552152017500,0.249582082033,0.23541997
1479425552201953826,0.249582082033,0.2456642
1479425552251987581,0.249582082033,0.25248757
1479425552301957624,0.249582082033,0.26057485
1479425552352008919,0.251984681461,0.2679008
1479425552401998697,0.254818081856,0.25680208
1479425552452066848,0.25895805267099997,0.24733151
1479425552502091564,0.264829441476,0.240352
1479425552552123125,0.269418976284,0.25296974
1479425552602029153,0.27052602171900003,0.2514805
1479425552652058582,0.267540098686,0.25829947
1479425552702169739,0.252584998893,0.27354375
1479425552752076523,0.232584556747,0.27658233
1479425552802117572,0.207646609047,0.26425725
1479425552852169654,0.183759953758,0.27705705
1479425552902086135,0.16172896204700002,0.28723547
1479425552952103299,0.14665010086400002,0.28890222
1479425553002137438,0.13530202453,0.2792768
1479425553052136503,0.126289897753,0.27062494
1479425553102115105,0.119015986733,0.24333766
1479425553152155424,0.112892558762,0.24881226
1479425553202215151,0.108531827484,0.29217973
1479425553252144048,0.108210414648,0.2889081
1479425553302139603,0.109601458498,0.29404125
1479425553352149442,0.116242462645,0.29925087
1479425553402162206,0.124947485069,0.30510855
1479425553452204313,0.130899697542,0.31201032
1479425553502179763,0.130899697542,0.32869145
1479425553552305275,0.126902312655,0.32184392
1479425553602277944,0.12255008140799999,0.31013903
1479425553652318711,0.118682391942,0.26356402
1479425553702246380,0.11693705618400001,0.2678308
1479425553752281394,0.11693705618400001,0.27676514
1479425553802352463,0.11693705618400001,0.2792067
1479425553852288481,0.11693705618400001,0.2980564
1479425553902267309,0.11693705618400001,0.3094307
1479425553952292953,0.117836061196,0.3088162
1479425554002349647,0.123918376863,0.28998485
1479425554052321147,0.123046516185,0.2617537
1479425554102355657,0.11607497078500001,0.2599023
1479425554152326330,0.11087301928099999,0.20103142
1479425554202357564,0.105179212019,0.1816579
1479425554252297607,0.0961269052843,0.1911153
1479425554302310864,0.08171591481939999,0.21861814
1479425554352290859,0.0746594213884,0.23002377
1479425554402369521,0.0702989984293,0.23260427
1479425554452369742,0.069813169539,0.2333032
1479425554502423145,0.069813169539,0.20682329
1479425554552359130,0.069813169539,0.16881154
1479425554602466676,0.069813169539,0.16121097
1479425554652357909,0.069813169539,0.16826785
1479425554702417958,0.069813169539,0.17206158
1479425554752564583,0.069813169539,0.17759876
1479425554802494917,0.069813169539,0.18493327
1479425554852458527,0.069813169539,0.17617103
1479425554902481217,0.069813169539,0.1512185
1479425554952494491,0.07155849784610001,0.13815345
1479425555002461555,0.07155849784610001,0.15932474
1479425555052586790,0.07155849784610001,0.19124253
1479425555102443189,0.07155849784610001,0.15833971
1479425555152467766,0.07155849784610001,0.16576774
1479425555202495056,0.07155849784610001,0.17244619
1479425555252535942,0.069813169539,0.17327188
1479425555302618459,0.0680678412318,0.16643725
1479425555352563374,0.0660623868279,0.15156764
1479425555402513698,0.060582978870099995,0.10182481
1479425555452530678,0.0476313753135,0.03692981
1479425555502524575,0.022995251669999998,0.011068942
1479425555552551752,0.00104819682421,0.01831124
1479425555602571906,-0.00982724576675,-0.0012442449
1479425555652670009,-0.005590510851920001,-0.0012710737
1479425555702614221,0.020502503323900002,-0.0012710737
1479425555752651001,0.0444789899943,-0.0012710737
1479425555802590970,0.05799355941480001,0.023208693
1479425555852717599,0.0610865242779,0.00014723348
1479425555902631573,0.0589623757204,-0.0012710737
1479425555952625614,0.0556728023507,-0.0012710737
1479425556002698349,0.0523598790169,-0.0012710737
1479425556052628274,0.0506145469844,-0.0012710737
1479425556102634012,0.0506145469844,-0.0012710737
1479425556152663252,0.0487126770809,-0.0012710737
1479425556202682034,0.044356168915,-0.0012710737
1479425556252668802,0.038254628000800005,-0.0012710737
1479425556302714751,0.0366519130766,-0.0012710737
1479425556352704518,0.0366519130766,-0.0012710737
1479425556402675067,0.0356604003127,-0.0012710737
1479425556452719482,0.031180600235599997,-0.0012710737
1479425556502701813,0.0187661176234,-0.0012710737
1479425556552728343,0.0016455412122899997,-0.0012710737
1479425556602754979,0.0,-0.0012710737
1479425556652731598,0.0018323410969100001,-0.0012710737
1479425556702799136,0.00985953581106,-0.0012710737
1479425556752794297,0.0194397671597,-0.0012710737
1479425556802782431,0.028063849930599998,-0.0012710737
1479425556852784704,0.0313562106105,-0.0012710737
1479425556902783565,0.029670597985400005,-0.0012710737
1479425556952890501,0.0296116567135,-0.0012710737
1479425557002791131,0.0279252678156,-0.0012710737
1479425557052772684,0.0279252678156,-0.0012710737
1479425557102924490,0.0279252678156,-0.0067389
1479425557152898917,0.0279252678156,-0.010412341
1479425557202875321,0.0279252678156,-0.0012710737
1479425557252844385,0.0279252678156,-0.0012710737
1479425557302847159,0.028799663692000002,-0.0012710737
1479425557352932899,0.0331591423425,-0.0012710737
1479425557402864286,0.033161256462300004,-0.0012710737
1479425557452885575,0.033161256462300004,-0.0012710737
1479425557502907747,0.033161256462300004,-0.0012710737
1479425557552898161,0.033161256462300004,-0.0012710737
1479425557602887512,0.030597575146499998,-0.0012710737
1479425557652890634,0.024480629483599997,-0.0012710737
1479425557702931313,0.00897674187152,-0.0012710737
1479425557752934241,-0.00850128526827,-0.0012710737
1479425557802985889,-0.0225705382407,-0.0012710737
1479425557853035795,-0.0296089965198,-0.0012710737
1479425557903004369,-0.029670597985400005,-0.0012710737
1479425557952970468,-0.029670597985400005,-0.0012710737
1479425558002980925,-0.029670597985400005,-0.0012710737
1479425558053089789,-0.029670597985400005,-0.004349625
1479425558102998156,-0.0279252678156,-0.0012710737
1479425558153049163,-0.0279252678156,-0.0012710737
1479425558203063304,-0.0279252678156,-0.0012710737
1479425558253067103,-0.0279252678156,-0.0012710737
1479425558303105792,-0.024434609338599998,-0.0012710737
1479425558353060923,-0.024434609338599998,-0.0012710737
1479425558403110144,-0.024434609338599998,-0.0012710737
1479425558453086665,-0.024434609338599998,-0.0012710737
1479425558503066086,-0.024434609338599998,-0.0012710737
1479425558553107912,-0.024434609338599998,-0.0012710737
1479425558603106298,-0.024434609338599998,-0.0012710737
1479425558653142720,-0.0226892810315,-0.0012710737
1479425558703127768,-0.0185188999234,-0.0012710737
1479425558753124768,-0.014150499850399999,-0.0012710737
1479425558803165457,-0.0073716643193,-0.0012710737
1479425558853094835,0.00133396977221,-0.0012710737
1479425558903120422,0.00763519347921,-0.0012710737
1479425558953204516,0.0152875262523,-0.0012710737
1479425559003175996,0.0191986225545,-0.0012710737
1479425559053172648,0.0191986225545,-0.0012710737
1479425559103201935,0.0191986225545,-0.0012710737
1479425559153336307,0.0191986225545,-0.0012710737
1479425559203164120,0.0191986225545,-0.0012710737
1479425559253175470,0.0191986225545,-0.0012710737
1479425559303234242,0.0191986225545,-0.0012710737
1479425559353222606,0.0191986225545,-0.0012710737
1479425559403197848,0.0191986225545,-0.0012710737
1479425559453243615,0.0191986225545,-0.0012710737
1479425559503221744,0.0191986225545,-0.0012710737
1479425559553327787,0.0191986225545,-0.0012710737
1479425559603279621,0.0191986225545,0.0048872856
1479425559653254897,0.0209439508617,0.026592124
1479425559703282328,0.0209439508617,0.020074505
1479425559753266944,0.0209439508617,-0.0012710737
1479425559803311817,0.0226892810315,-0.0012710737
1479425559853333009,0.0226892810315,-0.0012710737
1479425559903309796,0.0226892810315,-0.0012710737
1479425559953327948,0.0226892810315,-0.0012710737
1479425560003363617,0.0226892810315,-0.0012710737
1479425560053325507,0.0209439508617,-0.0012710737
1479425560103433271,0.0209439508617,-0.0012710737
1479425560153347832,0.0209439508617,-0.0012710737
1479425560203368850,0.021433808438,-0.0012710737
1479425560253431668,0.021324959183299998,-0.0012710737
1479425560303390272,0.0226892810315,-0.0012710737
1479425560353384220,0.0226892810315,-0.0012710737
1479425560403451460,0.0231599398837,-0.0012710737
1479425560453507740,0.024434609338599998,-0.0012710737
1479425560503404149,0.024434609338599998,-0.0012710737
1479425560553439170,0.024434609338599998,-0.0012710737
1479425560603310664,0.024434609338599998,-0.0012710737
1479425560653326229,0.024434609338599998,-0.0012710737
1479425560703429761,0.024434609338599998,-0.0012710737
1479425560753399633,0.024434609338599998,-0.0012710737
1479425560803413043,0.024434609338599998,-0.0012710737
1479425560853454008,0.024434609338599998,-0.0012710737
1479425560903435989,0.024434609338599998,-0.0012710737
1479425560953459880,0.024434609338599998,-0.0012710737
1479425561003449987,0.024434609338599998,-0.0012710737
1479425561053633049,0.024434609338599998,-0.0012710737
1479425561103515521,0.024434609338599998,-0.0012710737
1479425561153459471,0.024434609338599998,-0.0012710737
1479425561203529002,0.024434609338599998,-0.0012710737
1479425561253576339,0.024434609338599998,-0.0012710737
1479425561303635528,0.024434609338599998,-0.0012710737
1479425561353612284,0.024434609338599998,-0.0012710737
1479425561403546368,0.024434609338599998,-0.0012710737
1479425561453428423,0.024434609338599998,-0.0012710737
1479425561503592354,0.024434609338599998,-0.0012710737
1479425561553604163,0.024434609338599998,-0.0012710737
1479425561603629705,0.024434609338599998,-0.0012710737
1479425561653676747,0.024434609338599998,-0.0012710737
1479425561703602217,0.024434609338599998,-0.0012710737
1479425561753674944,0.024434609338599998,-0.0012710737
1479425561803693028,0.024434609338599998,-0.0012710737
1479425561853701249,0.024434609338599998,-0.0012710737
1479425561903656341,0.024434609338599998,-0.0012710737
1479425561953663354,0.024434609338599998,-0.0012710737
1479425562003670376,0.022434591252200004,-0.0012710737
1479425562053699437,0.0209439508617,-0.0012710737
1479425562103675788,0.0209439508617,-0.0012710737
1479425562153765716,0.0209439508617,-0.0012710737
1479425562203703193,0.0209439508617,-0.0012710737
1479425562253740151,0.0209439508617,-0.0012710737
1479425562303799429,0.0191986225545,-0.0012710737
1479425562353775868,0.0174532923847,-0.0012710737
1479425562403805823,0.0174532923847,-0.0012710737
1479425562453810013,0.0174532923847,-0.0012710737
1479425562503791025,0.0174532923847,-0.0012710737
1479425562553771532,0.0174532923847,-0.0012710737
1479425562603829931,0.0157079640776,-0.0012710737
1479425562653801776,0.0157079640776,-0.0012710737
1479425562703858074,0.0155399822622,-0.0012710737
1479425562753901447,0.012935599729899999,-0.0012710737
1479425562803824753,0.00652940035254,-0.0012710737
1479425562853878083,-0.00305588252467,-0.0012710737
1479425562903865377,-0.0107516276121,-0.0012710737
1479425562953882914,-0.0139626339078,-0.0012710737
1479425563003843105,-0.0138430993727,-0.0012710737
1479425563053873147,-0.011239579606700002,-0.0012710737
1479425563103913357,-0.0104719754308,-0.0012710737
1479425563153858691,-0.0104719754308,-0.0012710737
1479425563203917233,-0.0104719754308,-0.0012710737
1479425563253937060,-0.0104719754308,-0.0012710737
1479425563304268169,-0.0104719754308,-0.00077047193
1479425563353913917,-0.0104719754308,0.017431434
1479425563404017885,-0.0104719754308,0.03442008
1479425563453993465,-0.0104719754308,0.03074335
1479425563503950981,-0.0104719754308,0.03785722
1479425563554065318,-0.0104719754308,0.035086624
1479425563604016015,-0.0104719754308,0.018005773
1479425563653972013,-0.0104719754308,0.021704461
1479425563703970357,-0.0104719754308,0.012741033
1479425563754019296,-0.0104719754308,0.007043793
1479425563804064460,-0.0104719754308,-0.0012710737
1479425563854032651,-0.0104719754308,-0.0012710737
1479425563904028172,-0.010464709575,-0.0012710737
1479425563954171630,-0.0069813169539,-0.0012710737
1479425564004018162,-0.0069813169539,-0.0012710737
1479425564054024060,-0.0069813169539,-0.0012710737
1479425564104038467,-0.00523598771542,0.010004665
1479425564154088306,-0.00523598771542,0.04820347
1479425564204046709,-0.00349065847695,0.06500136
1479425564254066511,-0.0009239635114299999,0.07707208
1479425564304082095,0.0016787540442899998,0.08117954
1479425564354160775,0.00255407370518,0.07788193
1479425564404086265,0.00691703820274,0.0707357
1479425564454206799,0.010350674547500001,0.08486486
1479425564504142608,0.015634578676100002,0.06925603
1479425564554136183,0.0174532923847,0.055258986
1479425564604156094,0.019097869614900002,0.0204763
1479425564654186954,0.0209439508617,0.028950512
1479425564704166746,0.024332734942700003,0.0074898098
1479425564754207227,0.026179939508400002,0.02346605
1479425564804875976,0.026179939508400002,0.039424196
1479425564854185764,0.026179939508400002,0.04337248
1479425564904175438,0.0277771301438,0.04095744
1479425564954187846,0.0279252678156,0.02029226
1479425565004192469,0.029527412098,0.025478762
1479425565054246177,0.0391251827723,0.015960421
1479425565104220677,0.045225797576199996,0.0137915835
1479425565154228497,0.052747244106400006,0.0015570619
1479425565204232016,0.060747402353300006,-0.0012710737
1479425565254241514,0.0628318563104,-0.0012710737
1479425565304280586,0.0628318563104,-0.0012710737
1479425565354259258,0.06457718461749999,-0.0012710737
1479425565404281926,0.06303183629430001,-0.0012710737
1479425565454296995,0.0579957657415,-0.0012710737
1479425565504301761,0.044452035299699995,-0.00012390234
1479425565554313789,0.0252876950869,-0.001256828
1479425565604325171,0.00943584242371,-0.00023983372
1479425565654348109,0.00523598771542,-0.0012710737
1479425565704345307,0.00849549568476,0.0036857529
1479425565754480559,0.0128620476685,-0.0001143791
1479425565804446671,0.0172162824231,-0.0012710737
1479425565854345506,0.0191986225545,-0.0012710737
1479425565904341218,0.0191986225545,-0.0012710737
1479425565954366726,0.0191986225545,-0.0012710737
1479425566004386982,0.0191986225545,-0.0012710737
1479425566054496136,0.0209439508617,-0.0012710737
1479425566104411413,0.0209439508617,-0.0012710737
1479425566154477222,0.0226892810315,-0.0012710737
1479425566204376138,0.0226892810315,0.02412035
1479425566255010712,0.0226892810315,0.033598617
1479425566304895156,0.0226892810315,0.017919611
1479425566354424601,0.0226892810315,0.009768819
1479425566404427958,0.0226892810315,0.006895246
1479425566454448687,0.0226892810315,0.0075836824
1479425566504452365,0.0226892810315,-0.0012710737
1479425566554476305,0.0226892810315,-0.0012710737
1479425566604520747,0.0226892810315,-0.0012710737
1479425566654578157,0.0226892810315,-0.0012710737
1479425566704523592,0.0226892810315,0.009570875
1479425566754524483,0.023190585665000003,0.0043177134
1479425566804503919,0.0257978376546,-0.0012710737
1479425566854553675,0.026179939508400002,-0.0012710737
1479425566904575361,0.026179939508400002,-0.0012710737
1479425566954543966,0.0279252678156,-0.0012710737
1479425567004604424,0.0279252678156,-0.0012710737
1479425567054581686,0.0279252678156,-0.0012710737
1479425567104574332,0.0279252678156,-0.0012710737
1479425567154583640,0.029670597985400005,-0.0012710737
1479425567204618254,0.029670597985400005,-0.0012710737
1479425567254610525,0.029670597985400005,-0.0012710737
1479425567304652166,0.029670597985400005,-0.0012710737
1479425567354656070,0.029670597985400005,-0.0012710737
1479425567404776357,0.029670597985400005,-0.0012710737
1479425567454649398,0.029670597985400005,-0.0012710737
1479425567504695744,0.0279252678156,-0.0012710737
1479425567554674999,0.0279252678156,-0.0012710737
1479425567604670307,0.0279252678156,-0.0012710737
1479425567654700454,0.026179939508400002,-0.0012710737
1479425567704743534,0.021932010348499998,-0.0012710737
1479425567755370557,0.00702390330738,-0.0012710737
1479425567805387265,-0.00866168999516,-0.0012710737
1479425567854732458,-0.0160667530289,-0.0012710737
1479425567904700281,-0.0157079640776,-0.0012710737
1479425567954788167,-0.0136150612231,-0.0012710737
1479425568004739422,-0.0104719754308,-0.0012710737
1479425568054761899,-0.008394208896550001,-0.0012710737
1479425568104745690,-0.0069813169539,-0.0012710737
1479425568154751822,-0.0069813169539,-0.0012710737
1479425568204834960,-0.0069813169539,-0.0012710737
1479425568254841015,-0.00492842595382,-0.0012710737
1479425568304829293,-0.00231897343658,-0.0012710737
1479425568354796491,0.00029139782526,-0.0012710737
1479425568404770234,0.00174532923847,-0.0012710737
1479425568454868204,0.00174532923847,-0.0012710737
1479425568504809416,0.00174532923847,-0.0012710737
1479425568554828434,0.00174532923847,-0.0012710737
1479425568604866857,0.00174532923847,-0.0012710737
1479425568654893498,0.00174532923847,-0.0012710737
1479425568704863271,0.00174532923847,-0.0012710737
1479425568754977269,0.00349065847695,-0.0012710737
1479425568804852219,0.00349065847695,-0.0012710737
1479425568854864102,0.00349065847695,-0.0057890913
1479425568905025560,0.00349065847695,-0.0012710737
1479425568955003201,0.00174532923847,-0.0012710737
1479425569004935026,-0.0021537697370700003,-0.004526914
1479425569054980357,-0.0069813169539,-0.0012710737
1479425569104965204,-0.0069813169539,-0.0012710737
1479425569154947358,-0.0069813169539,-0.0012710737
1479425569204968656,-0.00418481161739,-0.0012710737
1479425569255561568,0.0,-0.0012710737
1479425569304984206,0.0,-0.0012710737
1479425569355004377,0.00174532923847,-0.0012710737
1479425569404964942,0.00626085881654,-0.0012710737
1479425569455016170,0.008726646192370001,-0.0012710737
1479425569505076872,0.0114755994985,-0.0012710737
1479425569555046954,0.012217304669299999,-0.005982935
1479425569605053884,0.012217304669299999,-0.01652807
1479425569655056307,0.012217304669299999,-0.010994838
1479425569705063050,0.012217304669299999,-0.018781025
1479425569755024270,0.012314036558900001,-0.024562541
1479425569805071219,0.0129919716736,-0.012167153
1479425569855133439,0.012119243448,-0.030579131
1479425569905045884,0.008726646192370001,-0.025057558
1479425569955136403,0.008726646192370001,-0.02015543
1479425570005121644,0.0069813169539,-0.014412757
1479425570055112345,0.00523598771542,-0.013636985
1479425570105104256,0.00523598771542,-0.015769634
1479425570155164324,0.0034403208196599998,-0.015691817
1479425570205131699,0.00174532923847,-0.009824792
1479425570255128523,0.00174532923847,-0.0119495215
1479425570305165660,0.0008376750764700001,-0.019959651
1479425570355183404,-0.005266996781379999,-0.031448446
1479425570405257524,-0.0105269709949,-0.019140456
1479425570455222797,-0.0192352762076,-0.008383112
1479425570505206948,-0.0270639314604,-0.03592277
1479425570555205385,-0.0314183837544,-0.03850448
1479425570605195987,-0.0357627648152,-0.076672874
1479425570655280654,-0.0366519130766,-0.05946194
1479425570705239833,-0.035796459275800004,-0.0160782
1479425570755891171,-0.0349065847695,-0.0012710737
1479425570805300617,-0.0366519130766,-0.0012710737
1479425570855200711,-0.0366519130766,-0.018843483
1479425570905254397,-0.038298852340599994,-0.019326355
1479425570955324930,-0.0418411101995,-0.017158035
1479425571005239474,-0.045378562063,-0.02259992
1479425571055316924,-0.043695379410499995,-0.046059605
1479425571105343499,-0.04363323003050001,-0.07833276
1479425571155319315,-0.04363323003050001,-0.09724466
1479425571205324071,-0.04791432625,-0.08771091
1479425571255324628,-0.055668204881100004,-0.09098344
1479425571305328373,-0.0661218094292,-0.10074508
1479425571355366491,-0.0714532624274,-0.10995991
1479425571405372984,-0.0740682256966,-0.11497615
1479425571455369573,-0.0784240454745,-0.100225374
1479425571505374320,-0.08452553057569999,-0.08262093
1479425571555372294,-0.08888327589939998,-0.01301748
1479425571605427423,-0.08901178836819999,-0.06756452
1479425571655399351,-0.08566340365139999,-0.10858139
1479425571705419395,-0.08305237835149999,-0.13502121
1479425571755419539,-0.08362117612389999,-0.13453734
1479425571805416361,-0.0932112377218,-0.12772714
1479425571855425240,-0.100889529334,-0.13604273
1479425571905511733,-0.108559760017,-0.11697192
1479425571955398734,-0.124697472315,-0.090861335
1479425572005474401,-0.153833983738,-0.041064724
1479425572055480433,-0.19662518598200002,0.034518827
1479425572105434232,-0.244014838722,0.11986669
1479425572155434633,-0.28451072431200003,0.19149734
1479425572205640218,-0.300863953641,0.18822324
1479425572255469158,-0.293898281456,0.20719233
1479425572305578430,-0.269026083534,0.10400728
1479425572355508258,-0.248792949318,-0.032993097
1479425572405469057,-0.240229364912,-0.11110804
1479425572455514787,-0.23911011219,-0.14872971
1479425572505518539,-0.23911011219,-0.15050653
1479425572555573927,-0.237628676748,-0.15337104
1479425572605567857,-0.231522536536,-0.1496546
1479425572655520353,-0.22075508280699999,-0.14541686
1479425572705591011,-0.20999884957000003,-0.14447773
1479425572755566635,-0.201296238054,-0.17762046
1479425572805585615,-0.20071285963100002,-0.21122885
1479425572855565875,-0.20071285963100002,-0.22517781
1479425572905588943,-0.20071285963100002,-0.2666483
1479425572955662489,-0.20071285963100002,-0.3229496
1479425573005705980,-0.20532305199200002,-0.41901642
1479425573055714067,-0.21228931395300002,-0.602295
1479425573105613645,-0.230775167205,-0.79230034
1479425573155616977,-0.252739599044,-0.5718816
1479425573205688800,-0.27263125567200003,-0.5105976
1479425573255669202,-0.279252678156,-0.31562096
1479425573305689378,-0.27750736475000004,-0.4958225
1479425573355687493,-0.27576202154199997,-0.65691334
1479425573405709598,-0.276760167909,-0.22262265
1479425573455690785,-0.29304732688900004,-0.53411335
1479425573505740588,-0.318339427986,-0.5204368
1479425573555690229,-0.344512047571,-0.70390815
1479425573605824692,-0.368134888379,-0.6674941
1479425573655715315,-0.383539703024,-0.47584984
1479425573705792136,-0.389208436012,-0.667087
1479425573755751609,-0.389208436012,-0.6426229
1479425573805824220,-0.389208436012,-0.50567096
1479425573855767652,-0.389208436012,-0.39938524
1479425573905771790,-0.393129389715,-0.43607372
1479425573955786223,-0.39748667333099996,-0.3566116
1479425574005873123,-0.401425719261,-0.38622802
1479425574055815312,-0.401425719261,-0.50414
1479425574105859529,-0.401425719261,-0.41725957
1479425574155827264,-0.401425719261,-0.39473742
1479425574205870689,-0.401425719261,-0.59166044
1479425574255922408,-0.39968040585500003,-0.5086191
1479425574305840379,-0.396189749241,-0.5240838
1479425574355865054,-0.391954364726,-0.55658597
1479425574405909080,-0.388839236512,-0.52518487
1479425574455953245,-0.387463092804,-0.56720203
1479425574505920417,-0.387463092804,-0.8449761
1479425574555975193,-0.387463092804,-0.898225
1479425574605959295,-0.387463092804,-0.93958026
1479425574656003376,-0.38626168849799997,-0.64619625
1479425574705969870,-0.383644503179,-0.454863
1479425574755949408,-0.374602863726,-0.48443773
1479425574805942018,-0.363885533566,-0.4832816
1479425574855956462,-0.351950861233,-0.54789746
1479425574906008216,-0.339438768274,-0.4706805
1479425574955988235,-0.326946449939,-0.4530856
1479425575005975094,-0.30778121154300003,-0.39248064
1479425575055989969,-0.286860114996,-0.30960444
1479425575105971946,-0.26595390414299996,-0.2896287
1479425575156022353,-0.245637698152,-0.28504103
1479425575206069235,-0.223948371464,-0.22311068
1479425575255998979,-0.198074731941,-0.27914357
1479425575306000688,-0.169674213926,-0.18590608
1479425575356117449,-0.141714327923,-0.18908827
1479425575406037431,-0.111595542069,-0.031022858
1479425575456123686,-0.081275763892,-0.10692682
1479425575506144444,-0.058446031649599994,-0.09740445
1479425575556081033,-0.0477829563576,-0.099270895
1479425575606093773,-0.045378562063,-0.08730239
1479425575656158611,-0.045378562063,-0.102093555
1479425575706089692,-0.045378562063,-0.09449122
1479425575756153764,-0.045378562063,-0.1102066
1479425575806131381,-0.0417150184906,-0.10381729
1479425575856158996,-0.0356138431709,-0.0722168
1479425575906107961,-0.029341403482499997,-0.071529165
1479425575956097825,-0.023405194136200003,-0.025530156
1479425576006094443,-0.0190498380396,-0.02432013
1479425576056102382,-0.0129481971242,-0.0015603313
1479425576106092714,-0.00510308997998,-0.034052838
1479425576156091151,0.000255394988851,0.012973326
1479425576206202736,0.00925261084901,0.005720726
1479425576256114756,0.0256556816787,0.06389685
1479425576306253222,0.040380252234,0.033423785
1479425576356180302,0.0490794241623,0.040115703
1479425576406122642,0.0595277184458,0.05766692
1479425576456170938,0.0628318563104,0.039013434
1479425576506227161,0.0628318563104,0.029003289
1479425576556250969,0.0628318563104,0.07376887
1479425576606249120,0.0646523040998,0.09787397
1479425576656234136,0.070875325212,0.063671716
1479425576706229088,0.0822518946698,0.08505703
1479425576756218519,0.0952683031521,0.12968002
1479425576806400774,0.108379300343,0.090068445
1479425576856250200,0.118757450268,0.031016994
1479425576906268755,0.12217304855599999,0.032131974
1479425576956252728,0.12127696578,-0.008514193
1479425577006326860,0.120403908855,0.06730503
1479425577056291741,0.118682391942,0.085888244
1479425577106266227,0.11693705618400001,0.13699253
1479425577156278087,0.11693705618400001,0.11423479
1479425577206294083,0.11693705618400001,0.10533943
1479425577256384368,0.11693705618400001,0.118839964
1479425577306358397,0.11693705618400001,0.11334289
1479425577356370111,0.11693705618400001,0.14112055
1479425577406411560,0.11693705618400001,0.16020958
1479425577456323767,0.11693705618400001,0.18919197
1479425577506342723,0.11524212761199999,0.15377474
1479425577556402133,0.115191727877,0.16131006
1479425577606409832,0.115191727877,0.15719447
1479425577656372541,0.11438860702199999,0.17395777
1479425577706445054,0.110028335934,0.16994001
1479425577756431664,0.108210414648,0.17449534
1479425577806417931,0.10646508634099999,0.16653703
1479425577856439979,0.10646508634099999,0.18625191
1479425577906445760,0.108108622234,0.20097071
1479425577956433241,0.119998741874,0.19313917
1479425578006444592,0.134046641237,0.20592555
1479425578056476543,0.15133495936799998,0.21514994
1479425578106511085,0.167051617525,0.21903695
1479425578156481122,0.18122354487300002,0.24558577
1479425578206497541,0.184864028645,0.2487509
1479425578256508227,0.186750233173,0.24986354
1479425578306537679,0.188495561481,0.25890264
1479425578356489183,0.188495561481,0.2303727
1479425578406501823,0.188495561481,0.21045086
1479425578456533408,0.190240889788,0.19599223
1479425578506569971,0.190240889788,0.1920329
1479425578556531835,0.18363911787,0.1806915
1479425578606530264,0.170089221807,0.17934665
1479425578656665166,0.15090724947999998,0.18656138
1479425578706565671,0.136792156911,0.18266056
1479425578756586566,0.12915436923499998,0.16202673
1479425578806656321,0.130685950212,0.16354994
1479425578856587858,0.14461030600400002,0.18389937
1479425578906584810,0.16812438538600002,0.19322468
1479425578956612515,0.191669888763,0.19263329
1479425579006627091,0.213699304945,0.1850083
1479425579056630454,0.23572230150100001,0.19231974
1479425579106637602,0.24880298288199998,0.20941946
1479425579156641776,0.253677725955,0.20823745
1479425579206661289,0.253345591331,0.23447518
1479425579256646866,0.251327425241,0.25485516
1479425579306654690,0.251327425241,0.2704496
1479425579356684425,0.251327425241,0.26578882
1479425579406652890,0.251327425241,0.26656446
1479425579456751732,0.251327425241,0.24012159
1479425579506696569,0.251327425241,0.22401308
1479425579556716532,0.251327425241,0.21104746
1479425579606812429,0.251327425241,0.22808957
1479425579656861384,0.25187551489,0.24423231
1479425579706824357,0.257639878152,0.21075003
1479425579756830122,0.268102168617,0.23513763
1479425579806847685,0.279970199627,0.27262828
1479425579856827627,0.291279243367,0.28876716
1479425579906869943,0.29983878927700003,0.29534844
1479425579956867529,0.303687304258,0.2904006
1479425580006872057,0.302312530199,0.25408787
1479425580056882686,0.297957392477,0.2466988
1479425580107048669,0.294960647821,0.23400012
1479425580156894487,0.294960647821,0.21369335
1479425580206906851,0.294960647821,0.17825188
1479425580256879673,0.297167773147,0.18461779
1479425580307047435,0.300196617842,0.22273253
1479425580357021203,0.300196617842,0.19079824
1479425580406946376,0.300196617842,0.17495988
1479425580456915974,0.298451304436,0.19549718
1479425580506958264,0.300196617842,0.2101533
1479425580556981822,0.302372416376,0.20708178
1479425580607062717,0.303687304258,0.22278674
1479425580657026432,0.303687304258,0.19533567
1479425580706990244,0.302406486804,0.1891991
1479425580756992006,0.295509225354,0.16943644
1479425580807115888,0.278132866506,0.16560705
1479425580857106838,0.248565156433,0.156918
1479425580907103147,0.218072009969,0.14613426
1479425580957015791,0.19610178616,0.1462125
1479425581007100396,0.190240889788,0.1401542
1479425581057074714,0.19271666643899998,0.13329007
1479425581107117034,0.2014179522,0.12142342
1479425581157270425,0.213294750392,0.14481047
1479425581207048612,0.22352015814800003,0.16964503
1479425581257070158,0.22689279913899998,0.18956953
1479425581307098722,0.225147470832,0.18650982
1479425581357120807,0.22308077744000002,0.17963178
1479425581407126354,0.221656814218,0.19636433
1479425581457160739,0.217880565,0.2370551
1479425581507182488,0.211145521089,0.24117877
1479425581557115333,0.196065131129,0.25188822
1479425581607122715,0.17588198631299998,0.2322535
1479425581657129898,0.152146926925,0.23214678
1479425581707236867,0.127044051037,0.17066908
1479425581757197190,0.11317461398499999,0.12157806
1479425581807259432,0.111701071262,0.13047569
1479425581857222785,0.11344639957000001,0.115466066
1479425581907232947,0.11344639957000001,0.12654155
1479425581957274648,0.113195152221,0.13994564
1479425582007238271,0.10948364814000001,0.14117713
1479425582057276246,0.102508682894,0.109320626
1479425582107264851,0.09663971513189999,0.08512641
1479425582157294564,0.09250245243310001,0.08983649
1479425582207287922,0.09250245243310001,0.092746496
1479425582257269767,0.09445250328680001,0.116617456
1479425582307289208,0.10162969767100001,0.10406413
1479425582357288943,0.110145237402,0.13973181
1479425582407321536,0.114504118883,0.12464947
1479425582457373123,0.115375450172,0.14335087
1479425582507289637,0.11798039573300001,0.1653536
1479425582557389859,0.12234483398,0.17568132
1479425582607355595,0.12946124529300002,0.17553046
1479425582657363990,0.136135682464,0.17090729
1479425582707353841,0.136135682464,0.18384986
1479425582757531727,0.135980352413,0.16841248
1479425582807383757,0.12989424587099999,0.15779866
1479425582857392060,0.127409040928,0.14746448
1479425582907405910,0.124670300834,0.15322948
1479425582957418594,0.123918376863,0.16223864
1479425583007457114,0.123918376863,0.16010965
1479425583057456884,0.123841812869,0.15033805
1479425583107392144,0.12217304855599999,0.16509546
1479425583157536178,0.12217304855599999,0.17843308
1479425583207437885,0.12217304855599999,0.18233836
1479425583257474389,0.120427720249,0.17391254
1479425583307472346,0.120427720249,0.1532399
1479425583357492251,0.118682391942,0.14321825
1479425583407517906,0.11693705618400001,0.13686004
1479425583457465499,0.11693705618400001,0.13557507
1479425583507471405,0.11693705618400001,0.14364626
1479425583557609371,0.11693705618400001,0.1464899
1479425583607479391,0.11693705618400001,0.14539504
1479425583657509819,0.116939190199,0.14184234
1479425583707527458,0.118682391942,0.12632811
1479425583757521967,0.118682391942,0.121219546
1479425583807585905,0.120427720249,0.1189651
1479425583857568017,0.12215232045600001,0.12258375
1479425583907575193,0.12217304855599999,0.11213429
1479425583957567298,0.120427720249,0.093605906
1479425584007647402,0.120427720249,0.07796116
1479425584057607256,0.120427720249,0.06626134
1479425584107552901,0.124733689059,0.06278086
1479425584157685542,0.125663712621,0.06047716
1479425584207594994,0.125663712621,0.050668444
1479425584257612374,0.125663712621,0.05938399
1479425584307623558,0.11884210982000001,0.05863192
1479425584357613972,0.111788352169,0.0720116
1479425584407702800,0.105678888157,0.07792216
1479425584457702262,0.10471975803400001,0.053843632
1479425584507684127,0.101229093969,0.048450664
1479425584557656870,0.0994837656617,0.032748565
1479425584607705685,0.09349236620410001,0.03483326
1479425584657784927,0.08737815946519999,0.020102877
1479425584707742026,0.07454791801039999,-0.0012710737
1479425584757715284,0.0632267215097,-0.0012710737
1479425584807752321,0.0568595107213,-0.0012710737
1479425584857772396,0.0542460951374,-0.0012710737
1479425584907747824,0.0491717440357,-0.0012710737
1479425584957844617,0.0387010173551,-0.0012710737
1479425585007814832,0.0233282621954,-0.0012710737
1479425585057729564,0.0075079514295,0.001284027
1479425585107838472,-0.00908720661812,0.002912954
1479425585157758020,-0.0190119701471,0.02369063
1479425585207792754,-0.018513667417299998,0.016561672
1479425585257835656,-0.0157079640776,0.023253534
1479425585307804959,-0.00980129464864,0.026957523
1479425585357876322,-0.00393949264047,0.021096196
1479425585407840731,0.0036442127352600004,0.023036797
1479425585457873808,0.0134805822874,0.033073846
1479425585507863373,0.0191986225545,0.033403456
1479425585557862715,0.0209439508617,0.039379146
1479425585607916482,0.0209439508617,0.041546773
1479425585657862254,0.019445115441400002,0.028911933
1479425585707933926,0.0191986225545,0.015035008
1479425585757879305,0.0191986225545,0.032547105
1479425585807905585,0.0256527690679,0.023589391
1479425585857885454,0.0358341543681,0.016812671
1479425585908068146,0.0489530622584,0.01634498
1479425585957974042,0.0619950263753,0.008350738
1479425586007918096,0.0703939062517,0.01016474
1479425586058008395,0.07155849784610001,0.0018883236
1479425586107944155,0.0709914397925,-0.0012710737
1479425586157954254,0.069813169539,-0.0012710737
1479425586208033068,0.069813169539,-0.0012710737
1479425586258004740,0.069813169539,-0.0012710737
1479425586307981947,0.07155849784610001,-0.0012710737
1479425586358030561,0.07155849784610001,-0.0012710737
1479425586408036913,0.07155849784610001,-0.0012710737
1479425586458054994,0.0684150037172,-0.0012710737
1479425586508017312,0.0623162250598,-0.0012710737
1479425586558136724,0.056204666364799996,-0.0012710737
1479425586608041106,0.05185568880469999,-0.0012710737
1479425586657998932,0.047504023768199996,-0.0012710737
1479425586708093758,0.043140643985000005,-0.0012710737
1479425586758088298,0.0387878923575,-0.0012710737
1479425586808125217,0.0269633135484,-0.0012710737
1479425586858062901,0.0134271792618,-0.0012710737
1479425586908125583,0.000348074221424,-0.0012710737
1479425586958046171,-0.0069813169539,-0.0012710737
1479425587008186315,-0.00828079169491,-0.0012710737
1479425587058135479,-0.00566223015796,-0.0012710737
1479425587108127962,0.00260242677165,-0.0012710737
1479425587158118065,0.00827034778376,-0.0012710737
1479425587208174418,0.0139626339078,-0.0012710737
1479425587258108821,0.0157079640776,-0.0012710737
1479425587308226829,0.0191986225545,-0.0012710737
1479425587358203496,0.0234764943566,-0.0012710737
1479425587408226696,0.032896223232,-0.0012710737
1479425587458281427,0.048711588764199995,-0.0012710737
1479425587508283210,0.0674925452444,-0.0012710737
1479425587558231155,0.07630111460469999,-0.0012710737
1479425587608210821,0.0764307038269,-0.0012710737
1479425587658249001,0.07082619070469999,-0.0012710737
1479425587708291861,0.0663225129247,-0.0012710737
1479425587758234186,0.0663225129247,-0.0012710737
1479425587808250893,0.0719025826638,-0.0012710737
1479425587858060896,0.0750491544604,-0.0012710737
1479425587908237723,0.0750491544604,-0.0012710737
1479425587958242492,0.07037296862539999,-0.0012710737
1479425588008341786,0.0622006139421,-0.0012710737
1479425588058283205,0.05641783891819999,-0.0012710737
1479425588108261777,0.0558505356312,-0.0012710737
1479425588158325629,0.057595863938300004,-0.0012710737
1479425588208295879,0.061375956351500005,-0.0012710737
1479425588258314141,0.06399034357780001,-0.0012710737
1479425588308311383,0.06457718461749999,-0.0012710737
1479425588358325879,0.0628318563104,-0.0012710737
1479425588408371198,0.0610865242779,-0.0012710737
1479425588458379987,0.0582194983115,-0.0012710737
1479425588508496795,0.0558505356312,-0.0012710737
1479425588558429826,0.0547383342192,-0.0012710737
1479425588608394882,0.054105207324,-0.0012710737
1479425588658367112,0.051258207451900004,-0.0012710737
1479425588708447918,0.043405130762800004,-0.0012710737
1479425588758449296,0.0418879017234,-0.0012710737
1479425588808489476,0.0418879017234,-0.0012710737
1479425588858404637,0.0418879017234,-0.0012710737
1479425588908520442,0.04383601192480001,-0.0012710737
1479425588958468197,0.045378562063,-0.0012710737
1479425589008487149,0.0490529621858,-0.0012710737
1479425589058446132,0.0544441130513,-0.0012710737
1479425589108517689,0.0610865242779,-0.0012710737
1479425589158380684,0.06385661050699999,-0.0012710737
1479425589208467413,0.06822710294119999,-0.0012710737
1479425589258474941,0.0736072129952,-0.0012710737
1479425589308445202,0.0769361726162,-0.0012710737
1479425589358411498,0.08329652055839999,0.0061749956
1479425589408450187,0.0926228909742,0.036817122
1479425589458616491,0.09599310904740001,0.048964217
1479425589508601928,0.0994837656617,0.06549353
1479425589558423932,0.10045928059499999,0.056073003
1479425589608469441,0.10297442227600001,0.049584426
1479425589658507029,0.10297442227600001,0.05517735
1479425589708577236,0.10471975803400001,0.049028568
1479425589758620284,0.10471975803400001,0.05595742
1479425589808627669,0.10297442227600001,0.05264504
1479425589858603719,0.10471975803400001,0.045144394
1479425589908552303,0.10471975803400001,0.0455205
1479425589958578072,0.10471975803400001,0.061229933
1479425590008627245,0.10471975803400001,0.07635073
1479425590058609326,0.105633430549,0.06156243
1479425590108717337,0.10650718066999999,0.062332187
1479425590158627267,0.11085833929500001,0.07944066
1479425590208738842,0.113477002513,0.08914494
1479425590258695087,0.115191727877,0.10059239
1479425590308799651,0.115191727877,0.10126703
1479425590358761928,0.11430462569,0.1100181
1479425590408727074,0.11344486004599999,0.09651035
1479425590458736951,0.111701071262,0.10465888
1479425590508667958,0.108241070454,0.11322692
1479425590558709324,0.108210414648,0.09459377
1479425590608721942,0.10646508634099999,0.078153454
1479425590658740718,0.102132113596,0.07116939
1479425590708807262,0.09431088290789999,0.066883236
1479425590758771991,0.08478159153449999,0.069036044
1479425590808766184,0.0734597531877,0.06590416
1479425590858817630,0.0664337706897,0.060840227
1479425590908748184,0.0629043252217,0.05977787
1479425590958798127,0.06457718461749999,0.052381814
1479425591008779450,0.06457718461749999,0.043444958
1479425591058775038,0.06885164285760001,0.026303224
1479425591108842271,0.07155849784610001,0.04449423
1479425591158774899,0.0750491544604,0.034991495
1479425591208904205,0.0750491544604,0.04304984
1479425591258800021,0.0750491544604,0.0472595
1479425591308848993,0.0750491544604,0.051874097
1479425591358850690,0.0750491544604,0.04820489
1479425591408945257,0.0750491544604,0.04667218
1479425591458842126,0.0743184470106,0.05254001
1479425591508952841,0.07170037801149999,0.062150363
1479425591558912774,0.0750491544604,0.05567968
1479425591608917716,0.0733038261533,0.048460867
1479425591658969151,0.07155849784610001,0.0520026
1479425591708922465,0.07155849784610001,0.01861415
1479425591758924138,0.07155849784610001,0.008101768
1479425591808907132,0.07155849784610001,0.0068634655
1479425591858944053,0.07155849784610001,0.005134674
1479425591909002259,0.07155849784610001,-0.00043944857
1479425591959056687,0.069813169539,0.004175157
1479425592009021126,0.069813169539,0.0038764835
1479425592058990305,0.069813169539,0.004588703
1479425592109059723,0.069813169539,0.0036492818
1479425592158960905,0.0704494887771,0.013085656
1479425592209083300,0.0730640395567,0.035722665
1479425592259146663,0.0733038261533,0.030985914
1479425592309004478,0.0733038261533,0.037201498
1479425592358987069,0.0750491544604,0.040379193
1479425592409030336,0.0733038261533,0.041447975
1479425592459090894,0.0750491544604,0.039958384
1479425592509067541,0.0750491544604,0.028382733
1479425592559074332,0.07971366647410001,0.028289527
1479425592609091218,0.08522616263430001,0.031878535
1479425592659099093,0.08958383458489999,0.027321007
1479425592709186784,0.0922019748292,0.03745707
1479425592759026733,0.09250245243310001,0.0352749
1479425592809119100,0.09250245243310001,0.038739588
1479425592859120976,0.09359773408019999,0.05688052
1479425592909154809,0.100572953831,0.0768196
1479425592959111841,0.108070597562,0.08024099
1479425593009202739,0.116599730189,0.054494172
1479425593059192857,0.119206278836,0.043560643
1479425593109249603,0.12217304855599999,0.052641578
1479425593159139598,0.123918376863,0.04096063
1479425593209148024,0.12217304855599999,0.027100291
1479425593259198553,0.12217304855599999,0.037466798
1479425593309185610,0.12217304855599999,0.023610227
1479425593359184370,0.123918376863,0.04587187
1479425593409271692,0.125663712621,0.066898234
1479425593459215710,0.123918376863,0.08320867
1479425593509183385,0.123918376863,0.07683101
1479425593559218669,0.123918376863,0.08090648
1479425593609316327,0.128291571305,0.09060361
1479425593659213589,0.131326737393,0.0875131
1479425593709357376,0.137025726007,0.10293107
1479425593759336228,0.150095789748,0.11109844
1479425593809271315,0.17050375845,0.10739669
1479425593859256284,0.20223588934,0.10440892
1479425593909399957,0.231150707046,0.13066117
1479425593959296809,0.244747645048,0.1318531
1479425594009325899,0.246091425419,0.12227093
1479425594059364511,0.246091425419,0.11104804
1479425594109184250,0.25082630520300003,0.09680298
1479425594159177578,0.259394681423,0.109752856
1479425594209200376,0.272477800435,0.12309461
1479425594259257837,0.28416120061,0.15792008
1479425594309282554,0.298633973891,0.20008127
1479425594359375959,0.313468365469,0.19391795
1479425594409319608,0.325843309296,0.1906332
1479425594459412518,0.329867213964,0.1938544
1479425594509401930,0.327470843694,0.2125657
1479425594559542052,0.320807330921,0.19624765
1479425594609450581,0.319395244122,0.19979131
1479425594659406062,0.31733835388799997,0.18838447
1479425594709411193,0.31123983325,0.1922279
1479425594759397493,0.305432617664,0.19334087
1479425594809408815,0.304269736987,0.18255886
1479425594859454872,0.301376359862,0.17411658
1479425594909505326,0.291497014033,0.17097938
1479425594959420864,0.27415964546300003,0.15566845
1479425595009405974,0.24576326702399998,0.14658491
1479425595059471945,0.21090430834,0.15850008
1479425595109434409,0.177183588335,0.1477038
1479425595159495497,0.154358904652,0.14564542
1479425595209604787,0.142623910058,0.13177082
1479425595259527016,0.141603537587,0.11427671
1479425595309515639,0.14989493041899998,0.09797274
1479425595359541401,0.16428090598099998,0.09134589
1479425595409559898,0.165806278586,0.078617625
1479425595459607324,0.165806278586,0.07858209
1479425595509533702,0.162992120843,0.07980151
1479425595559627823,0.154940466162,0.07996047
1479425595609561710,0.144126526703,0.07557128
1479425595659641703,0.126511110209,0.07420057
1479425595709652091,0.10541475557,0.07501195
1479425595759576011,0.0810477370093,0.055981543
1479425595809662588,0.05487853120180001,0.05574738
1479425595859605120,0.025439189489,0.042386703
1479425595909660777,0.004644203348520001,0.009594301
1479425595959679060,-0.009140772044780001,0.0059518646
1479425596009647377,-0.0194655590527,-0.0012710737
1479425596059652910,-0.026179939508400002,-0.0012710737
1479425596109629854,-0.0279252678156,-0.0012710737
1479425596159668320,-0.0279252678156,-0.0012710737
1479425596209690956,-0.026179939508400002,-0.0012710737
1479425596259681807,-0.026179939508400002,-0.0012710737
1479425596309715426,-0.0279252678156,-0.0012710737
1479425596359666548,-0.0279252678156,-0.0053950455
1479425596409670222,-0.0279252678156,-0.020657156
1479425596459794616,-0.0279252678156,-0.043367483
1479425596509735109,-0.0279252678156,-0.042649243
1479425596559805736,-0.0297259726353,-0.05017769
1479425596609830179,-0.0340887357814,-0.055598423
1479425596659778709,-0.0402807635566,-0.057944514
1479425596709773943,-0.0516091864053,-0.06382599
1479425596759804169,-0.0664599718753,-0.059340145
1479425596809828622,-0.0812391535977,-0.06565011
1479425596859739422,-0.09078087829050001,-0.08772348
1479425596909831972,-0.09688173970139999,-0.09752978
1479425596959834066,-0.0977384373546,-0.09633978
1479425597009875830,-0.0977384373546,-0.100277476
1479425597059801756,-0.0977384373546,-0.101363264
1479425597109884518,-0.0977384373546,-0.10805261
1479425597159857154,-0.101208536063,-0.11118918
1479425597209844096,-0.10381911210200001,-0.1247453
1479425597259868793,-0.10817543505,-0.12926802
1479425597309833972,-0.114276106701,-0.14092399
1479425597359967567,-0.123839350032,-0.14965944
1479425597410008844,-0.137701802359,-0.15345946
1479425597459962214,-0.155012893911,-0.1396038
1479425597509891812,-0.17426142559799998,-0.14092706
1479425597559942773,-0.18827893005399998,-0.14673612
1479425597609894868,-0.19801320784899998,-0.14887832
1479425597659910513,-0.200622966318,-0.15215607
1479425597710017397,-0.20071285963100002,-0.15246521
1479425597759993341,-0.202361486803,-0.15457499
1479425597809956882,-0.204203516245,-0.15444787
1479425597860081005,-0.20758970232700003,-0.17069072
1479425597909943386,-0.21193561859700003,-0.18947257
1479425597960037340,-0.219544344352,-0.16915056
1479425598010048530,-0.22838078700300002,-0.17561324
1479425598059966649,-0.243634982845,-0.19479556
1479425598110021077,-0.262969252001,-0.21397763
1479425598160179103,-0.283930301324,-0.26077208
1479425598210051875,-0.304805384726,-0.2569422
1479425598260009073,-0.325546124074,-0.25337252
1479425598310084542,-0.343148299758,-0.21607646
1479425598360027550,-0.358805995413,-0.24184793
1479425598410092600,-0.37207974339199995,-0.24900013
1479425598460123271,-0.37699112296099996,-0.23707445
1479425598510071155,-0.37389657993600006,-0.21879691
1479425598560086997,-0.35708137595399997,-0.21712828
1479425598610057007,-0.328131131516,-0.20109636
1479425598660104326,-0.29171108154500003,-0.20500246
1479425598710063959,-0.254908976451,-0.2008363
1479425598760130937,-0.223280828165,-0.20536229
1479425598810120752,-0.20166220512000002,-0.19187546
1479425598860130067,-0.18749235811599999,-0.18652095
1479425598910150961,-0.176821881866,-0.1772839
1479425598960166390,-0.17130994796000001,-0.17830554
1479425599010174766,-0.172787591815,-0.18870239
1479425599060140139,-0.174255555351,-0.19008417
1479425599110240180,-0.179212355374,-0.2238476
1479425599160229988,-0.189395297088,-0.26294932
1479425599210546937,-0.204887995003,-0.29973423
1479425599260356242,-0.22225830241099997,-0.3163178
1479425599310188964,-0.23729569801699998,-0.35120827
1479425599360213313,-0.253571597549,-0.37582827
1479425599410244770,-0.266943352385,-0.37222224
1479425599460274819,-0.276861817091,-0.3602213
1479425599510209068,-0.279252678156,-0.34553993
1479425599560243330,-0.279252678156,-0.36210385
1479425599610253158,-0.279252678156,-0.35485274
1479425599660281242,-0.28375460174,-0.35417873
1479425599710290164,-0.292999072069,-0.35980153
1479425599760237132,-0.306067172492,-0.37756494
1479425599810310571,-0.31964994442600003,-0.38947946
1479425599860280877,-0.33839221270099995,-0.36923265
1479425599910306229,-0.361203626266,-0.37555957
1479425599960286267,-0.38992567589,-0.4138558
1479425600010391413,-0.417788083769,-0.42929387
1479425600060348552,-0.433780075582,-0.43949693
1479425600110320497,-0.435413561562,-0.42639115
1479425600160356803,-0.42362582963100004,-0.42580807
1479425600210430573,-0.40219785100500005,-0.42390326
1479425600260349958,-0.373049749292,-0.38724786
1479425600310342925,-0.339066256903,-0.36850786
1479425600360376723,-0.30865885281,-0.3596593
1479425600410392447,-0.28198599965,-0.36259404
1479425600460389684,-0.263181601943,-0.39305165
1479425600510535652,-0.260054051876,-0.42923728
1479425600560398357,-0.264334555139,-0.4637825
1479425600610476914,-0.273471610403,-0.4668488
1479425600660419860,-0.289535978156,-0.47227275
1479425600711129782,-0.305449882553,-0.46715906
1479425600760481668,-0.322657628637,-0.44427878
1479425600810473025,-0.340073407232,-0.44679433
1479425600860451543,-0.355739792966,-0.45053405
1479425600910541725,-0.365135365995,-0.4268781
1479425600960473018,-0.36651915311800004,-0.40554994
1479425601010537423,-0.362337909558,-0.3984455
1479425601060555310,-0.353620197306,-0.3743673
1479425601110638928,-0.34455483081,-0.346806
1479425601160540850,-0.33030887703699996,-0.31590354
1479425601210593799,-0.31079942470800004,-0.29808232
1479425601260533503,-0.28612134636799996,-0.2513657
1479425601310619580,-0.257590311236,-0.25407308
1479425601360531696,-0.225706771507,-0.24946992
1479425601410558901,-0.19956135624200003,-0.23956406
1479425601460602178,-0.18559215708500001,-0.23486966
1479425601510593517,-0.181514248252,-0.2272151
1479425601560696934,-0.181514248252,-0.2084742
1479425601610593825,-0.18325957655900002,-0.19524385
1479425601660673819,-0.187884542703,-0.19698802
1479425601710660545,-0.19223830619000004,-0.18214528
1479425601760656125,-0.192615359235,-0.17223187
1479425601810688801,-0.188011209653,-0.16368547
1479425601860619215,-0.172564841567,-0.12293567
1479425601910693021,-0.142577477164,-0.10794962
1479425601960798611,-0.10014698881100001,-0.09958459
1479425602010714162,-0.0689577069438,-0.082638204
1479425602060762511,-0.0610865242779,-0.0677971
1479425602110736674,-0.0630339134007,-0.043244164
1479425602160754740,-0.0684469275756,-0.03193682
1479425602211198568,-0.069813169539,-0.02645367
1479425602260837841,-0.069813169539,-0.010590616
1479425602310787912,-0.069813169539,-0.0012710737
1479425602360779561,-0.069813169539,-0.0012710737
1479425602410792729,-0.0661632699241,-0.0012710737
1479425602460747406,-0.0590403520708,0.011187249
1479425602510771493,-0.0522138514026,0.03520073
1479425602560815898,-0.0488692186773,0.052358303
1479425602610837813,-0.048600699758699996,0.06351168
1479425602660836043,-0.0323853189407,0.08223723
1479425602710868548,0.00337558916706,0.076975636
1479425602760862329,0.0554565945072,0.10272009
1479425602810889832,0.09851994175719998,0.1260704
1479425602860892420,0.122596617894,0.15627068
1479425602910841124,0.132918867573,0.18312177
1479425602960856649,0.150611940377,0.19955373
1479425603010889980,0.17842614803399998,0.21032543
1479425603060854422,0.20557772624600001,0.24739952
1479425603110890751,0.23226364118099999,0.2722878
1479425603160948221,0.23911011219,0.2690064
1479425603210975568,0.224801383988,0.2892013
1479425603260891979,0.19603174335999998,0.28157374
1479425603310968858,0.170867806567,0.2996646
1479425603361020608,0.163226114383,0.3325275
1479425603410943305,0.17639572334399997,0.3431918
1479425603460915897,0.19380538798799998,0.35827425
1479425603511023534,0.214763504672,0.38681838
1479425603560980015,0.240026214619,0.38908163
1479425603610927815,0.268758862425,0.39434698
1479425603660996936,0.30714360404,0.40252113
1479425603711642822,0.35312653848399994,0.40690193
1479425603761011902,0.40735190453500003,0.41658023
1479425603810979202,0.450039173615,0.40129402
1479425603861043610,0.46335472991000004,0.39465776
1479425603911073071,0.4539145412100001,0.4038727
1479425603961010548,0.421114130237,0.4086438
1479425604011072619,0.379163693142,0.4044219
1479425604061020142,0.344192895025,0.40542668
1479425604111057165,0.324831135487,0.3960379
1479425604161076545,0.319395244122,0.3852135
1479425604211068962,0.32788775716699997,0.40207386
1479425604261068078,0.353600953702,0.40691623
1479425604311117787,0.386746133045,0.41174302
1479425604361071237,0.42330657008,0.41318145
1479425604411111716,0.448131955063,0.4280279
1479425604461147915,0.455530941486,0.44264323
1479425604511106804,0.45391903890199997,0.42508233
1479425604561135035,0.440323385948,0.42359844
1479425604611142294,0.42631817911,0.41999927
1479425604661133861,0.41814571247599996,0.43565366
1479425604711146484,0.418729907526,0.44120187
1479425604761149411,0.425557395727,0.44640166
1479425604811209050,0.435864451558,0.44958296
1479425604861134504,0.450664302679,0.45761523
1479425604911245709,0.47040214973399996,0.4613483
1479425604961183862,0.490415280496,0.47303933
1479425605011266685,0.5089043215119999,0.4816618
1479425605061264528,0.523899370766,0.5056635
1479425605111288723,0.536987343809,0.5012886
1479425605161233270,0.5441305723250001,0.5141927
1479425605211960461,0.546288073063,0.512045
1479425605261307748,0.5456333842100001,0.5048747
1479425605311262352,0.538008635333,0.5193859
1479425605361337064,0.522159995889,0.53007084
1479425605411304880,0.503623020655,0.544712
1479425605461338636,0.489805099565,0.5668562
1479425605511295200,0.49018615003999993,0.5621662
1479425605561434571,0.507031660316,0.55605173
1479425605611314079,0.535578040383,0.5655338
1479425605661387804,0.563870529185,0.5629168
1479425605711402821,0.582106164223,0.5603511
1479425605761355279,0.5841014430929999,0.5398978
1479425605811311389,0.5750933905,0.5423959
1479425605861391769,0.557975180665,0.5450679
1479425605911340731,0.5420050458969999,0.5342908
1479425605961435172,0.532325446606,0.5170382
1479425606011344276,0.530580103397,0.5083676
1479425606061428712,0.531129234917,0.49546608
1479425606111451882,0.537228463601,0.4711134
1479425606161409318,0.5410520434380001,0.47661078
1479425606211409070,0.539659954568,0.48015496
1479425606261421713,0.533554120755,0.47353104
1479425606311452533,0.529199757613,0.47268143
1479425606361442610,0.528834760189,0.46071115
1479425606411427770,0.531949957118,0.46061465
1479425606461440305,0.539790750395,0.44249308
1479425606511460714,0.5458964825320001,0.43683723
1479425606561465258,0.5497786998749999,0.43549004
1479425606611454684,0.5515240430830001,0.43118843
1479425606661494565,0.5515240430830001,0.44913852
1479425606711522599,0.5515240430830001,0.46505195
1479425606761514514,0.5515240430830001,0.47385448
1479425606811495943,0.5515240430830001,0.48484325
1479425606861560883,0.5515240430830001,0.5026854
1479425606911517738,0.5515240430830001,0.497678
1479425606961603613,0.5550147295000001,0.48069566
1479425607011539637,0.556760013103,0.48406908
1479425607061542422,0.556760013103,0.4794062
1479425607111567877,0.55547713292,0.45940632
1479425607161696726,0.552853931374,0.466323
1479425607211575994,0.5454941264450001,0.46304318
1479425607261725450,0.532862115642,0.46181673
1479425607311624705,0.515079394805,0.45853955
1479425607361668624,0.493760204398,0.431937
1479425607411609421,0.470762743045,0.4096229
1479425607461696424,0.448091305804,0.38730344
1479425607511672329,0.424944378091,0.37006682
1479425607561696913,0.40103799247199995,0.33249912
1479425607611718674,0.37672547969000003,0.31280932
1479425607661816704,0.350866024421,0.29833612
1479425607711671935,0.330905575076,0.27886125
1479425607761761198,0.31316038276700003,0.25431997
1479425607811686938,0.301319227071,0.24417527
1479425607861725961,0.290839947419,0.23552114
1479425607911742660,0.279789564965,0.21036045
1479425607961699603,0.26644128481699997,0.1891647
1479425608011755606,0.25597197481899997,0.19413427
1479425608061745240,0.24930006380800002,0.19726738
1479425608111791007,0.24668317835700002,0.18490002
1479425608161818471,0.246091425419,0.15572745
1479425608211716301,0.24495739210099998,0.13003206
1479425608261756436,0.231105816203,0.09818441
1479425608311802693,0.207920175216,0.101441674
1479425608361761947,0.176332912404,0.09882304
1479425608411789909,0.145816981528,0.06673112
1479425608461786817,0.124971363248,0.07577302
1479425608511877549,0.11693705618400001,0.063930236
1479425608561858545,0.11693705618400001,0.02930034
1479425608611824050,0.11693705618400001,0.029413376
1479425608661872592,0.113030234778,-0.0012710737
1479425608711897189,0.10216811903300001,-0.03403425
1479425608761859859,0.086494443775,-0.023428008
1479425608811878377,0.06520597314259999,-0.0012710737
1479425608861915228,0.04079728849019999,-0.0012710737
1479425608911954887,0.0174352087556,-0.0012710737
1479425608961866865,0.00125957807611,-0.0012710737
1479425609011981280,-0.0135862459959,-0.020237781
1479425609061927150,-0.0264921752636,-0.045379415
1479425609111921617,-0.034180775490599995,-0.053473897
1479425609161944067,-0.036791538746599996,-0.06359325
1479425609211947152,-0.037391233916,-0.06088679
1479425609261940713,-0.0366519130766,-0.07206658
1479425609311931933,-0.0366519130766,-0.079798624
1479425609361956555,-0.0367653835027,-0.0732553
1479425609412020642,-0.03937870134180001,-0.08334521
1479425609462023404,-0.0401425734162,-0.088692926
1479425609511958239,-0.0401425734162,-0.08874583
1479425609562045460,-0.0437212271447,-0.10174647
1479425609612068532,-0.0471238903701,-0.10927072
1479425609662044931,-0.050691196991400005,-0.11787095
1479425609712057188,-0.0585382973113,-0.1228463
1479425609762034656,-0.06470119842199999,-0.13354969
1479425609812078444,-0.07155849784610001,-0.14024661
1479425609862044825,-0.07679449021819999,-0.13059846
1479425609912041758,-0.07853981852530001,-0.15217885
1479425609962120790,-0.0838128544604,-0.15263951
1479425610012125981,-0.0899157037792,-0.15482317
1479425610062056159,-0.101278693815,-0.17054796
1479425610112101359,-0.113474532049,-0.17659013
1479425610162222435,-0.12920673309699998,-0.17809999
1479425610212106979,-0.144857821307,-0.15962082
1479425610262101792,-0.164030193632,-0.15998757
1479425610312122178,-0.181467964916,-0.1863955
1479425610362131511,-0.198909976848,-0.23125704
1479425610412208898,-0.21458657218600002,-0.28228372
1479425610462149889,-0.228527804263,-0.34350714
1479425610512191952,-0.237286500332,-0.3496002
1479425610562195404,-0.242556284807,-0.31440786
1479425610612197952,-0.245170264443,-0.3309173
1479425610662184105,-0.246091425419,-0.31051606
1479425610712167423,-0.25038627595,-0.3111385
1479425610762225022,-0.259846339271,-0.3329362
1479425610812191269,-0.27876246413100003,-0.36071914
1479425610862219684,-0.303164052753,-0.3385278
1479425610912289599,-0.328560567548,-0.3534009
1479425610962231759,-0.34527172768799996,-0.35295397
1479425611012235742,-0.34732052683799997,-0.34173477
1479425611062266948,-0.34557518363000006,-0.32378423
1479425611112274522,-0.342084527016,-0.32616505
1479425611162244854,-0.342084527016,-0.31901458
1479425611212255509,-0.342084527016,-0.31561464
1479425611262304997,-0.34382987022399997,-0.3219334
1479425611312348552,-0.34557518363000006,-0.29163742
1479425611362340909,-0.350492443553,-0.28901196
1479425611412302255,-0.356760456593,-0.3097239
1479425611462359436,-0.364447207878,-0.30079776
1479425611512387698,-0.370716344415,-0.32171497
1479425611562333080,-0.375068176047,-0.35680234
1479425611612383910,-0.375245779753,-0.3761991
1479425611662349837,-0.37699112296099996,-0.36120117
1479425611712358341,-0.378736436367,-0.43683004
1479425611762385116,-0.37719567744099997,-0.42896357
1479425611812385726,-0.372176410335,-0.4026199
1479425611862442766,-0.35864442538900004,-0.42109376
1479425611912439608,-0.34361618407899996,-0.35940915
1479425611962407057,-0.33184468509799997,-0.36297232
1479425612012537902,-0.32637655735,-0.31598967
1479425612062470151,-0.32788264088,-0.31244195
1479425612112428473,-0.336961697791,-0.30607182
1479425612162542762,-0.346820270522,-0.28065878
1479425612212457331,-0.35255649685900003,-0.26525727
1479425612262427908,-0.35255649685900003,-0.25467134
1479425612312693592,-0.351942111529,-0.29330593
1479425612362459513,-0.349362121435,-0.2926706
1479425612412524534,-0.34440950155,-0.2932323
1479425612462553747,-0.332500831203,-0.29738626
1479425612512480180,-0.317145186463,-0.31846547
1479425612562489807,-0.299705888801,-0.31240258
1479425612612543034,-0.27701754356999997,-0.30250916
1479425612662573111,-0.254669577634,-0.2797358
1479425612712523472,-0.229423480638,-0.22926062
1479425612762590686,-0.205864180948,-0.18118417
1479425612812549451,-0.1851605381,-0.08736518
1479425612862590316,-0.171737926924,-0.05870281
1479425612912642764,-0.16353847723,-0.030477058
1479425612962634353,-0.157794265282,-0.029649075
1479425613012624178,-0.15257283938,-0.045744788
1479425613062608579,-0.14561301914000002,-0.048934042
1479425613112610454,-0.13640781925,-0.048655324
1479425613162670508,-0.12197014962899999,-0.048394196
1479425613212585522,-0.105043470087,-0.035445407
1479425613262704402,-0.0901968677519,-0.034522627
1479425613312618916,-0.0709985178185,-0.015801817
1479425613362625708,-0.0522939764257,-0.0012710737
1479425613412701080,-0.0357593495867,-0.0012710737
1479425613462684754,-0.025293540336599998,-0.0012710737
1479425613512676329,-0.0178882045866,-0.0012710737
1479425613562670429,-0.00917202914214,0.010392502
1479425613612754234,-0.0030648802086599997,0.03052004
1479425613662724423,0.00303423026681,0.05560977
1479425613712695023,0.0130400326539,0.06686162
1479425613762764882,0.021759059483,0.0595969
1479425613812763317,0.0308727616475,0.06585965
1479425613862741161,0.0421912771114,0.07764376
1479425613912741451,0.0573623287305,0.08317596
1479425613962764860,0.0688200404915,0.08014415
1479425614012824925,0.0775363261907,0.0923749
1479425614062786052,0.08625346402249999,0.09458074
1479425614112797900,0.0988216823358,0.09345251
1479425614162819825,0.11311268078299999,0.07559297
1479425614212893013,0.130217745857,0.070662275
1479425614262804779,0.146209143664,0.054813717
1479425614312809550,0.16538362200600001,0.0793941
1479425614362895893,0.179891571968,0.118402116
1479425614412882567,0.188817509172,0.1463806
1479425614462915045,0.193175046204,0.14724416
1479425614512992309,0.19722220301600002,0.19126844
1479425614562884886,0.201310653036,0.20581466
1479425614612710677,0.206497399694,0.23281835
1479425614662913620,0.21234483951900002,0.23610044
1479425614712952483,0.214675500989,0.2481446
1479425614762858425,0.214675500989,0.26697314
1479425614812856727,0.214675500989,0.27962992
1479425614862865012,0.214675500989,0.3012675
1479425614912949894,0.216675317641,0.32965183
1479425614962893920,0.221025954382,0.3405848
1479425615012893770,0.227126194241,0.33421978
1479425615062887448,0.236074618348,0.31929198
1479425615112933060,0.246537745593,0.31701845
1479425615162961605,0.258096006228,0.3336334
1479425615212989502,0.273105793337,0.31350315
1479425615263023071,0.28881041362,0.29839694
1479425615313047162,0.304293431063,0.32225734
1479425615362982652,0.313475632049,0.33856323
1479425615412999980,0.317649930716,0.3287875
1479425615463016386,0.31660041581799997,0.33070236
1479425615513147590,0.312413930893,0.3185542
1479425615562958418,0.30860379370200003,0.3122502
1479425615613064801,0.307177960873,0.30687168
1479425615662987982,0.307177960873,0.31694153
1479425615713019932,0.305288939467,0.32497236
1479425615763149163,0.30194196105,0.32364842
1479425615813141409,0.30005944908300003,0.3231808
1479425615863086309,0.295705841574,0.30255705
1479425615913025094,0.287646610177,0.28304967
1479425615963103573,0.272805055629,0.26394075
1479425616013057252,0.254197921022,0.24710129
1479425616063099159,0.227085909538,0.22771296
1479425616113108664,0.20181468711800002,0.20987184
1479425616163145358,0.17671048887899998,0.19153535
1479425616213159578,0.158583812909,0.17747664
1479425616263199532,0.146454958908,0.15832277
1479425616313236327,0.141371667385,0.14990404
1479425616363155240,0.14044053817399998,0.12495159
1479425616413291610,0.136074044848,0.0737454
1479425616463275120,0.127300097437,0.04304761
1479425616513193336,0.113285739495,0.02033931
1479425616563226453,0.0949404365058,-0.06486092
1479425616613238594,0.07141874398510001,-0.11113925
1479425616663369563,0.046918879016000004,-0.1388385
1479425616713234238,0.0243604321207,-0.1490359
1479425616763220442,-2.35608068395e-05,-0.17948969
1479425616813262113,-0.026195596883400004,-0.22339179
1479425616863250541,-0.0566681785663,-0.22888607
1479425616913277975,-0.08545356974519999,-0.1897977
1479425616963273331,-0.11416102528699999,-0.14628035
1479425617013305863,-0.13776653955600002,-0.1401588
1479425617063247353,-0.160424485714,-0.1326814
1479425617113295838,-0.17786827993700002,-0.13087012
1479425617163340892,-0.194476601584,-0.16949108
1479425617213358172,-0.20929368716400001,-0.1716768
1479425617263306088,-0.22661272792,-0.17687835
1479425617313854261,-0.24595756582199998,-0.18654518
1479425617363501856,-0.263275117281,-0.22053947
1479425617413391662,-0.282445646758,-0.23952031
1479425617463352877,-0.30156033947,-0.2645718
1479425617513456162,-0.320802351122,-0.27335846
1479425617563357780,-0.33990896770400003,-0.27949208
1479425617613371694,-0.353977888623,-0.26791117
1479425617663421163,-0.364556825287,-0.26494113
1479425617713374749,-0.370009809732,-0.2584998
1479425617763376004,-0.375989902581,-0.25718847
1479425617813419438,-0.37699112296099996,-0.25219864
1479425617863373848,-0.380481779575,-0.23862496
1479425617913509874,-0.382227092981,-0.23188815
1479425617963417026,-0.385362783237,-0.24590123
1479425618013495291,-0.390794670506,-0.26413763
1479425618063546148,-0.39690490259499994,-0.2776942
1479425618113489717,-0.399507746717,-0.30286172
1479425618163456793,-0.402118563245,-0.3152747
1479425618213479885,-0.40473130405,-0.33601522
1479425618263488115,-0.40734263021300005,-0.35413492
1479425618313544006,-0.41170049013899995,-0.35555315
1479425618363492526,-0.418468267891,-0.36151597
1479425618413504351,-0.43352373657399995,-0.3831334
1479425618463656857,-0.46017165858599995,-0.40749514
1479425618513513219,-0.490558904178,-0.40424103
1479425618563573742,-0.526999712391,-0.41759676
1479425618613604006,-0.565318619146,-0.43273267
1479425618663549758,-0.597800919632,-0.43544376
1479425618713603031,-0.620332892262,-0.47015652
1479425618763599035,-0.630676840644,-0.4662151
1479425618814157065,-0.633554518223,-0.45675004
1479425618863563408,-0.633554518223,-0.46876922
1479425618913636364,-0.633554518223,-0.46491376
1479425618963652711,-0.638227893808,-0.45789433
1479425619013589441,-0.647221361519,-0.43698105
1479425619063583545,-0.6527531147,-0.44910285
1479425619113622085,-0.6527531147,-0.45779788
1479425619163638931,-0.650448643036,-0.43287796
1479425619213646057,-0.6429167776100001,-0.5358239
1479425619263642404,-0.635414761057,-0.5519764
1479425619313628794,-0.624077930184,-0.53467035
1479425619363658199,-0.613306078936,-0.50427413
1479425619413728217,-0.601409814347,-0.484599
1479425619463803648,-0.586593780182,-0.48539454
1479425619513755624,-0.570381252547,-0.4173863
1479425619563724027,-0.553502730514,-0.3684069
1479425619613812484,-0.539012275751,-0.30381095
1479425619663774701,-0.5233699179869999,-0.24875951
1479425619713783270,-0.50459136123,-0.18256213
1479425619763812623,-0.47834187925,-0.092372514
1479425619813799830,-0.44645517471,-0.063284285
1479425619863780048,-0.407661851427,-0.05287505
1479425619913784613,-0.368474246998,-0.035874803
1479425619963772878,-0.329350193839,-0.04599957
1479425620013821331,-0.291761538268,-0.008602573
1479425620063827047,-0.250794670772,0.024131551
1479425620113795029,-0.21163668109,0.036408108
1479425620163816523,-0.180270956215,0.051080264
1479425620213890650,-0.152771577445,0.0643011
1479425620263869339,-0.130171011384,0.068242714
1479425620314213543,-0.109536972887,0.09059102
1479425620363918491,-0.0952038373302,0.09473126
1479425620413868380,-0.0864953867409,0.10543795
1479425620463869004,-0.0795028190361,0.13495418
1479425620513910540,-0.0725306974663,0.16106947
1479425620563858715,-0.0634618075181,0.17732784
1479425620613882976,-0.0521400961175,0.18796024
1479425620663902814,-0.0387292419682,0.20617469
1479425620713906198,-0.0183586336395,0.24144846
1479425620763932006,0.00376960491749,0.24820444
1479425620814041341,0.0300491653664,0.2723444
1479425620864049688,0.0582775844906,0.31636322
1479425620913937220,0.0886933628514,0.32339516
1479425620963993551,0.113346308467,0.3453706
1479425621013973147,0.130984731211,0.34093767
1479425621063997897,0.139939206789,0.338601
1479425621113965773,0.142541336611,0.36552674
1479425621164001750,0.146905400539,0.3941442
1479425621214003063,0.15242137045499998,0.3941155
1479425621264047097,0.161141610503,0.40270758
1479425621314011374,0.171005108898,0.4010774
1479425621364034650,0.18581970685199997,0.39990664
1479425621414058783,0.201768944902,0.4031583
1479425621464128478,0.21949094500500002,0.3936927
1479425621514131010,0.24127425868299998,0.38757792
1479425621564049108,0.264771375592,0.40048608
1479425621614160806,0.28367895922200004,0.40511295
1479425621664123979,0.296942129633,0.3928895
1479425621714090168,0.298451304436,0.39193603
1479425621764099961,0.298231349484,0.3829065
1479425621814667614,0.293828196373,0.37556404
1479425621864169453,0.289724647999,0.36995575
1479425621914200624,0.287979334593,0.36257598
1479425621964149608,0.287979334593,0.3309889
1479425622014251394,0.284095613689,0.32253543
1479425622064179809,0.26980060710299997,0.33270994
1479425622114138337,0.25414277065499996,0.3242683
1479425622164141976,0.240370892343,0.3150896
1479425622214159159,0.23284415864900002,0.3132323
1479425622264197041,0.230530549837,0.30776265
1479425622314226082,0.23314478478700001,0.29224122
1479425622364204679,0.239529904855,0.2855257
1479425622414172757,0.249843359011,0.27302715
1479425622464202005,0.253196911409,0.24817844
1479425622514216732,0.252080909544,0.24517815
1479425622564242310,0.24581192444400002,0.22406487
1479425622614281526,0.233662620543,0.2079417
1479425622664218814,0.21955306087499998,0.1895654
1479425622714341463,0.200334218374,0.1787404
1479425622764261030,0.184769309708,0.17035341
1479425622814267952,0.174373409749,0.17359504
1479425622864330877,0.171042263508,0.18125822
1479425622914275795,0.171042263508,0.19303939
1479425622964283852,0.171099224088,0.19517055
1479425623014396567,0.172787591815,0.17932615
1479425623064277707,0.17274543164700001,0.1646795
1479425623114307843,0.170131320509,0.1615611
1479425623164340984,0.16926457789000002,0.15414003
1479425623214369464,0.165806278586,0.1459435
1479425623264355256,0.164060950279,0.15335059
1479425623314954285,0.164060950279,0.15321477
1479425623364460996,0.164060950279,0.14726523
1479425623414433315,0.164060950279,0.1690868
1479425623464370493,0.16232415871,0.17455627
1479425623514374531,0.155370787492,0.18856531
1479425623564389771,0.144906221992,0.1823763
1479425623614468187,0.137039048997,0.19182052
1479425623664406588,0.136135682464,0.2021726
1479425623714485953,0.136135682464,0.20712765
1479425623764465784,0.137833773524,0.20231986
1479425623814463389,0.141371667385,0.2124968
1479425623864479500,0.143116995692,0.19538629
1479425623914466007,0.143924686435,0.18788213
1479425623964508408,0.144862323999,0.17609142
1479425624014502854,0.15073892787,0.18359911
1479425624064462568,0.162024527062,0.18013287
1479425624114575638,0.17766943941100002,0.19182678
1479425624164544172,0.191696724201,0.19317217
1479425624214563632,0.19722220301600002,0.2064558
1479425624264535802,0.19558862780699998,0.2106556
1479425624314538849,0.18524248835700002,0.21124592
1479425624364520419,0.171475649076,0.21076126
1479425624414560181,0.160856700222,0.19806504
1479425624464535523,0.157079637051,0.18280913
1479425624514634933,0.156066522777,0.17219506
1479425624564560082,0.157079637051,0.16299134
1479425624614621970,0.157079637051,0.15215023
1479425624664573566,0.157079637051,0.14092363
1479425624714604862,0.157079637051,0.13605163
1479425624764600994,0.157079637051,0.12496302
1479425624814612134,0.161256342117,0.12655573
1479425624864661406,0.16387331031,0.12309155
1479425624914692964,0.165806278586,0.1174991
1479425624964696168,0.16426237032299998,0.11597521
1479425625014691737,0.164060950279,0.11148712
1479425625064768441,0.164060950279,0.11326209
1479425625114675006,0.164060950279,0.116724275
1479425625164686765,0.164060950279,0.12800634
1479425625214744875,0.164060950279,0.12391449
1479425625264728575,0.164060950279,0.12746777
1479425625314701221,0.164060950279,0.1198447
1479425625364738123,0.162315621972,0.10883978
1479425625414724306,0.155862877332,0.09106976
1479425625464718074,0.140709140448,0.09161741
1479425625514752458,0.121532290263,0.095999904
1479425625564750706,0.10411103052500001,0.11024165
1479425625614864624,0.09365757288450001,0.087567426
1479425625664762543,0.09250245243310001,0.09408901
1479425625714790366,0.0983079310045,0.08894172
1479425625764815031,0.1041051344,0.08459942
1479425625814823076,0.105276977322,0.08345537
1479425625864814780,0.10471975803400001,0.082457714
1479425625914817917,0.10068945182,0.08840477
1479425625964886518,0.0931665483916,0.08537731
1479425626014909303,0.0884938931785,0.078916766
1479425626064894318,0.08726646006110002,0.080496065
1479425626114860864,0.08726646006110002,0.07211338
1479425626164877992,0.08726646006110002,0.058526363
1479425626214912725,0.0867726266833,0.074669704
1479425626264846562,0.0841540436947,0.08475512
1479425626314891614,0.0815432066394,0.1012543
1479425626364890254,0.0802851468325,0.09964718
1479425626414935935,0.0807659480021,0.10103366
1479425626464974349,0.0837758034468,0.10926665
1479425626514974250,0.0837758034468,0.11574553
1479425626564952585,0.0837758034468,0.13022263
1479425626614916892,0.0837758034468,0.1189531
1479425626665012218,0.0837758034468,0.07993005
1479425626714999526,0.0837758034468,0.07646745
1479425626764946004,0.0837758034468,0.05787386
1479425626815020963,0.0837758034468,0.051129445
1479425626864948671,0.0855211317539,0.04453497
1479425626915051213,0.08336207650560001,0.03428049
1479425626965160325,0.0802851468325,0.025898997
1479425627015118971,0.07853981852530001,0.024372447
1479425627065094094,0.07853981852530001,0.014312669
1479425627115148187,0.07853981852530001,0.009345256
1479425627165102098,0.07853981852530001,-0.0008908588
1479425627215115880,0.07853981852530001,-0.0012710737
1479425627265169344,0.07853981852530001,-0.0012710737
1479425627315253030,0.07853981852530001,-0.0012710737
1479425627365114329,0.07853981852530001,-0.0012710737
1479425627415117507,0.07679449021819999,-0.0012710737
1479425627465217624,0.07679449021819999,-0.0012710737
1479425627515159382,0.07679449021819999,-0.0012710737
1479425627565131943,0.07679449021819999,-0.0012710737
1479425627615251107,0.07471863213560001,-0.0012710737
1479425627665182941,0.0691845312851,-0.0012710737
1479425627715163974,0.062223607728,-0.0012710737
1479425627765171926,0.053504084006699995,-0.0012710737
1479425627815286949,0.044774413607,-0.0012710737
1479425627865195061,0.0360741695513,-0.0012710737
1479425627915294851,0.0273484374059,-0.0012710737
1479425627965217007,0.0169097937386,-0.0012710737
1479425628015272180,0.012217304669299999,-0.0012710737
1479425628065240117,0.0110809615454,-0.0012710737
1479425628115226800,0.0107253451684,-0.0012710737
1479425628165155419,0.012217304669299999,-0.0012710737
1479425628215146019,0.012217304669299999,-0.0012710737
1479425628265223606,0.00936780213462,-0.0012710737
1479425628315250195,0.005008627757800001,-0.0012710737
1479425628365286085,0.00349065847695,-0.0012710737
1479425628415227923,0.00174532923847,-0.0012710737
1479425628465272691,0.00174532923847,-0.0012710737
1479425628515281464,0.00174532923847,-0.0012710737
1479425628565298482,0.00174532923847,-0.0012710737
1479425628615419744,0.00174532923847,-0.0012710737
1479425628665343140,0.00174532923847,-0.0012710737
1479425628715417919,0.00192551947952,-0.0017615501
1479425628765391269,0.00349065847695,-0.011675064
1479425628815315837,0.00523598771542,-0.006537841
1479425628865416432,0.00523598771542,-0.007021849
1479425628915344500,0.0069813169539,-0.0012710737
1479425628965430660,0.0069813169539,-0.0012710737
1479425629015403782,0.010744351995000002,-0.0012710737
1479425629065396589,0.0202004448913,-0.0012710737
1479425629115420520,0.0317859863207,-0.0012710737
1479425629165441277,0.044860556703900004,-0.0012710737
1479425629215429787,0.05421738983009999,-0.0012710737
1479425629265400592,0.0558505356312,-0.0012710737
1479425629315441543,0.0558505356312,-0.0012710737
1479425629365488864,0.0548936496585,-0.0012710737
1479425629415499564,0.054105207324,-0.0012710737
1479425629465565521,0.0558505356312,-0.0012710737
1479425629515587172,0.0610865242779,-0.0012710737
1479425629565480121,0.0620232333405,-0.0012710737
1479425629615536216,0.0628318563104,-0.0012710737
1479425629665599672,0.0610865242779,-0.0012710737
1479425629715528920,0.057595863938300004,-0.0012710737
1479425629765572181,0.0558505356312,-0.0012710737
1479425629815539305,0.0558184349214,-0.0012710737
1479425629865567336,0.0558505356312,-0.0012710737
1479425629915533807,0.054105207324,-0.0012710737
1479425629965707121,0.054105207324,-0.0012710737
1479425630015603946,0.050615034879,-0.0012710737
1479425630065628463,0.0462659530256,-0.0012710737
1479425630115639111,0.045378562063,-0.0012710737
1479425630165599645,0.047982156479000004,-0.007824619
1479425630215697343,0.054075490842500004,-0.03976638
1479425630265638214,0.0636765267423,-0.03651911
1479425630315684824,0.06803578945790001,-0.045099843
1479425630365618126,0.0680678412318,-0.040568218
1479425630415704095,0.0680678412318,-0.033279892
1479425630465646395,0.0680678412318,-0.054392215
1479425630515725722,0.0680678412318,-0.03587839
1479425630565700408,0.0680678412318,-0.020339869
1479425630615661897,0.0680678412318,0.008612008
1479425630665659992,0.0680678412318,0.00092912
1479425630715733088,0.0680678412318,0.02770209
1479425630765691760,0.0680678412318,0.042570096
1479425630815788744,0.0680678412318,0.0643428
1479425630865703454,0.0680678412318,0.07877439
1479425630915735628,0.0680678412318,0.09910905
1479425630965714837,0.0680678412318,0.12903391
1479425631015785495,0.0680678412318,0.1305465
1479425631065746969,0.0680678412318,0.13099533
1479425631115745677,0.0696704979896,0.12378893
1479425631165777647,0.0722839503024,0.11982711
1479425631215825474,0.0748950531645,0.12365481
1479425631265767802,0.0750491544604,0.11430292
1479425631315779884,0.0750491544604,0.11330852
1479425631365824009,0.0750491544604,0.11820163
1479425631415803573,0.0750491544604,0.12284565
1479425631465797814,0.0750491544604,0.12603542
1479425631515860420,0.0750491544604,0.12348239
1479425631565860456,0.0750491544604,0.11828814
1479425631615881637,0.0750491544604,0.12541032
1479425631665897208,0.0750491544604,0.13300112
1479425631715862204,0.0750491544604,0.123884656
1479425631765857337,0.0750491544604,0.10693252
1479425631815923604,0.0735358459528,0.097180545
1479425631865886102,0.07267255621089999,0.10260061
1479425631915974983,0.069813169539,0.1128863
1479425631965978899,0.06919131021760001,0.113717064
1479425632015934245,0.0680678412318,0.11728432
1479425632065928300,0.0704189017836,0.1297338
1479425632115956339,0.07652478021869999,0.14397812
1479425632165993619,0.0832272933136,0.1380365
1479425632215938708,0.09193070919539999,0.12976967
1479425632265962193,0.10064313248,0.13202155
1479425632315986881,0.10616656708799999,0.13129789
1479425632365957248,0.11052020353900001,0.115147784
1479425632416002795,0.111701071262,0.09586392
1479425632466134974,0.1111369119,0.10262342
1479425632515969393,0.106794269307,0.10456543
1479425632566023272,0.10471975803400001,0.09772443
1479425632616063307,0.101564464837,0.09363583
1479425632666025382,0.0989591138042,0.08403396
1479425632716006827,0.09146647048170001,0.07628309
1479425632766116785,0.082734613925,0.075584315
1479425632816054878,0.0740378714051,0.06425949
1479425632866029759,0.06532526521359999,0.06810194
1479425632916065644,0.0614662215771,0.061472576
1479425632966108114,0.0598287765032,0.05419531
1479425633016193578,0.0610865242779,0.04771123
1479425633066217916,0.0668073436744,0.0012074925
1479425633116118124,0.0746454571635,0.0009931452
1479425633166101671,0.0807449533352,0.004927976
1479425633216031468,0.0837758034468,0.011450324
1479425633266057137,0.0833347538138,0.0008682874
1479425633315993621,0.0802851468325,-0.0012710737
1479425633366008541,0.07853981852530001,-0.0012710737
1479425633416272506,0.07853981852530001,-0.0012710737
1479425633466165493,0.07679449021819999,-0.0012710737
1479425633516187795,0.0755102349324,-0.0012710737
1479425633566247848,0.0728960608789,-0.0012710737
1479425633616332771,0.0667821818145,-0.0012710737
1479425633666230346,0.06457718461749999,-0.0012710737
1479425633716274290,0.06156598169980001,-0.0012710737
1479425633766237066,0.05721283344269999,-0.0012710737
1479425633816336869,0.054595494622300005,-0.0012710737
1479425633866347990,0.054105207324,-0.0012710737
1479425633916327121,0.0528624568467,-0.01148801
1479425633966346088,0.0506145469844,-0.01645837
1479425634016321583,0.0506145469844,-0.022291306
1479425634066269753,0.0485459033535,-0.033280563
1479425634116323804,0.0412092013757,-0.040748227
1479425634166328821,0.030446610837900002,-0.049982335
1479425634216411421,0.0168142532862,-0.047865268
1479425634266313653,0.00843916750537,-0.04797762
1479425634316343002,0.0023186188479099997,-0.038679477
1479425634366322245,0.00145274130247,-0.03608078
1479425634416537212,0.0,-0.022718795
1479425634466397443,0.0,-0.02726033
1479425634516434347,0.0,-0.037416212
1479425634566375408,-0.000246168405458,-0.041800257
1479425634616405191,-0.00174532923847,-0.038348794
1479425634666477476,-0.00174532923847,-0.039266944
1479425634716396660,-0.00349065847695,-0.04235233
1479425634766417535,-0.00349065847695,-0.057691358
1479425634816473054,-0.00349065847695,-0.0647951
1479425634866465827,-0.0069813169539,-0.057432026
1479425634916423930,-0.012671878818299998,-0.059247326
1479425634966517988,-0.0211738683211,-0.06824394
1479425635016442323,-0.0272702153361,-0.077460155
1479425635066533769,-0.033161256462300004,-0.076334134
1479425635116456554,-0.0349065847695,-0.0816342
1479425635166616771,-0.0349065847695,-0.08839683
1479425635216497163,-0.0349065847695,-0.094309166
1479425635266628551,-0.0349065847695,-0.10107743
1479425635316612632,-0.0349065847695,-0.10203479
1479425635366654407,-0.0385787923144,-0.110282
1479425635416520646,-0.042925507302,-0.12248821
1479425635466526521,-0.0471238903701,-0.12666364
1479425635516641457,-0.0471238903701,-0.13140322
1479425635566650559,-0.0471238903701,-0.13120702
1479425635616561880,-0.0471238903701,-0.12509948
1479425635666613863,-0.0471238903701,-0.1236546
1479425635716638563,-0.0471238903701,-0.13089728
1479425635766647004,-0.0471238903701,-0.13909703
1479425635816653143,-0.0471238903701,-0.13916807
1479425635866644995,-0.045270258992999995,-0.14961863
1479425635916628034,-0.0428566097289,-0.15691257
1479425635966669445,-0.04731508830569999,-0.16692749
1479425636016625439,-0.0560237930022,-0.17046343
1479425636066660476,-0.06838544588619999,-0.16537648
1479425636116663009,-0.08218093447639999,-0.17371069
1479425636166729915,-0.090757124126,-0.17414474
1479425636216695201,-0.09250245243310001,-0.17455013
1479425636266682015,-0.09250245243310001,-0.17486861
1479425636316711832,-0.09250245243310001,-0.16957264
1479425636366696526,-0.09250245243310001,-0.16825308
1479425636416695942,-0.0942477807403,-0.18306161
1479425636466700701,-0.0942477807403,-0.19597684
1479425636516760100,-0.0942477807403,-0.19631359
1479425636566780659,-0.0942477807403,-0.20323816
1479425636616732633,-0.0951277511687,-0.20758912
1479425636666737613,-0.0942482040878,-0.18176302
1479425636716830374,-0.0942477807403,-0.17535272
1479425636766817337,-0.0942477807403,-0.1643489
1479425636816795582,-0.0942477807403,-0.16355228
1479425636866867026,-0.09250245243310001,-0.16140616
1479425636916826358,-0.08816843920539999,-0.16309568
1479425636966807443,-0.08206787327870001,-0.16738221
1479425637016836801,-0.0751372094467,-0.17072622
1479425637066852405,-0.0681704065235,-0.1601177
1479425637116817072,-0.061211176704599995,-0.15617232
1479425637166884978,-0.05934119597080001,-0.1303199
1479425637216798324,-0.0601382776728,-0.118511744
1479425637266873273,-0.06449825219,-0.10482136
1479425637316834719,-0.06885241729019999,-0.10121997
1479425637366945522,-0.07155849784610001,-0.086488195
1479425637416924435,-0.07155849784610001,-0.07963792
1479425637466952634,-0.07155849784610001,-0.09547258
1479425637516994830,-0.07155849784610001,-0.100392275
1479425637566920013,-0.07155849784610001,-0.10353833
1479425637616913069,-0.0708091874718,-0.10152523
1479425637666908016,-0.069813169539,-0.096285306
1479425637717018345,-0.069813169539,-0.08323796
1479425637766985484,-0.0664632237796,-0.069166936
1479425637817116590,-0.06457718461749999,-0.044462148
1479425637866973677,-0.0629927326101,-0.040230293
1479425637916976255,-0.05934119597080001,-0.035303302
1479425637967017449,-0.056019071798199996,-0.018523142
1479425638016963143,-0.0516684388557,-0.0044225976
1479425638066980178,-0.0473132169127,-0.0019211201
1479425638117014755,-0.0422676141333,-0.0012710737
1479425638167115613,-0.0350954400955,-0.0012710737
1479425638217015931,-0.029000781339599997,-0.0012710737
1479425638267020307,-0.026179939508400002,-0.0012710737
1479425638317006449,-0.0226892810315,-0.0012710737
1479425638367047457,-0.0209439508617,-0.0012710737
1479425638417089658,-0.0191986225545,-0.0012710737
1479425638467026066,-0.0176932251299,-0.0012710737
1479425638517131311,-0.0174532923847,-0.0012710737
1479425638567159882,-0.0159536698516,-0.0012710737
1479425638617051630,-0.015094880916899998,-0.0012710737
1479425638667114398,-0.012217304669299999,-0.0012710737
1479425638717160326,-0.00751601138828,-0.0012710737
1479425638767088607,-0.00055666809716,-0.0012710737
1479425638817150826,0.00351920311201,-0.0012710737
1479425638867154853,0.0069813169539,-0.0012710737
1479425638917210523,0.009305905607719999,-0.0012710737
1479425638967231446,0.0104719754308,-0.0012710737
1479425639017160172,0.012217304669299999,-0.0012710737
1479425639067205929,0.015392600417799999,-0.0012710737
1479425639117173109,0.019747520341900002,-0.0012710737
1479425639167191510,0.024107675477299997,-0.0012710737
1479425639217204998,0.0279252678156,-0.0012710737
1479425639267201301,0.0279252678156,-0.0012710737
1479425639317200200,0.0279252678156,-0.0012710737
1479425639367267393,0.0279252678156,-0.0012710737
1479425639417324292,0.0279252678156,-0.0012710737
1479425639467298198,0.026179939508400002,-0.0012710737
1479425639517294435,0.023436333733799997,-0.002704037
1479425639567319305,0.0191986225545,-0.0012710737
1479425639617260341,0.015223500518499999,-0.0012710737
1479425639667274161,0.011263316225700001,-0.0012710737
1479425639717287099,0.00603751761435,-0.0012710737
1479425639767301216,0.00174532923847,-0.0023278021
1479425639817298432,0.0,-0.0012710737
1479425639867302987,0.0,-0.0012710737
1479425639917382327,0.00174532923847,-0.0012710737
1479425639967414679,0.00174532923847,-0.0012710737
1479425640017388712,0.00218001484256,-0.0012710737
1479425640067352610,0.00349065847695,-0.0012710737
1479425640117385515,0.00307135393284,-0.0012710737
1479425640167423008,0.00174532923847,-0.0012710737
1479425640217396139,0.00349065847695,-0.0012710737
1479425640267411328,0.00523598771542,-0.0012710737
1479425640317407407,0.00523598771542,-0.0012710737
1479425640367408342,0.006491186277090001,-0.0012710737
1479425640417447731,0.00736395411308,-0.0012710737
1479425640467436171,0.011715709170000001,-0.0012710737
1479425640517395803,0.0157079640776,-0.0012710737
1479425640567477826,0.0162342134115,-0.0012710737
1479425640617453701,0.0157079640776,-0.0012710737
1479425640667468661,0.0157079640776,-0.0012710737
1479425640717462828,0.0139626339078,-0.0012710737
1479425640767464877,0.0110125631481,-0.0012710737
1479425640817513590,0.00839795253824,-0.01207321
1479425640867582080,0.0069813169539,-0.016393203
1479425640917502233,0.00523598771542,-0.018428117
1479425640967461623,0.00174532923847,-0.022901144
1479425641017492961,-0.00378579885513,-0.019904565
1479425641067510527,-0.009872359018280001,-0.01949054
1479425641117623554,-0.014248860632,-0.008270013
1479425641167547596,-0.0157079640776,-0.009656656
1479425641217519873,-0.019738437153400002,-0.018335149
1479425641267624402,-0.0255706336822,-0.026013624
1479425641317587997,-0.0336698489069,-0.047462065
1479425641367597111,-0.0435211989622,-0.059912127
1479425641417569382,-0.0528365866869,-0.06701303
1479425641467582136,-0.0615665666995,-0.06682674
1479425641517641098,-0.0685377424636,-0.08272498
1479425641567621944,-0.07265937971389999,-0.07910217
1479425641617602621,-0.07526592074180001,-0.07930974
1479425641667642133,-0.07679449021819999,-0.08135413
1479425641717698931,-0.07679449021819999,-0.087198675
1479425641767661363,-0.07679449021819999,-0.09896687
1479425641817638352,-0.07892619384610002,-0.11068649
1479425641867662823,-0.0876207904119,-0.1171339
1479425641917640956,-0.0945991688582,-0.13262737
1479425641967727850,-0.100535101359,-0.12977275
1479425642017670880,-0.106630390701,-0.12821354
1479425642067712950,-0.11655002014900001,-0.12538002
1479425642117714164,-0.13331639288,-0.11147711
1479425642167708023,-0.155207382178,-0.1104981
1479425642217782275,-0.180648724209,-0.12246695
1479425642267757179,-0.20952984811099998,-0.16271362
1479425642317792286,-0.24366814605700002,-0.21144524
1479425642367780941,-0.279485955784,-0.20860064
1479425642417747471,-0.316801739942,-0.2340166
1479425642467857300,-0.347987945857,-0.24301763
1479425642517851924,-0.37044408566299997,-0.22424702
1479425642567777152,-0.38687282394100003,-0.23815802
1479425642617760091,-0.398103930772,-0.25273997
1479425642667855419,-0.408582832967,-0.26370162
1479425642717818598,-0.413643032312,-0.25002062
1479425642767811859,-0.419011815891,-0.24967909
1479425642817887012,-0.42592754490699997,-0.26028132
1479425642867824688,-0.43202189676200003,-0.25719482
1479425642917834091,-0.43467664221,-0.21923897
1479425642967849831,-0.438077628613,-0.23378596
1479425643017940254,-0.441606450696,-0.24781464
1479425643067866621,-0.446804285049,-0.2635714
1479425643117894021,-0.44854962825800004,-0.2541343
1479425643167928953,-0.450294941664,-0.26995617
1479425643217996989,-0.450294941664,-0.30908328
1479425643267934488,-0.4537928344899999,-0.35244843
1479425643317995343,-0.460765220362,-0.34034032
1479425643367972062,-0.466869519597,-0.3561983
1479425643417920525,-0.472965394249,-0.33539596
1479425643468000594,-0.477322411441,-0.32996202
1479425643518002184,-0.47822022438,-0.32065856
1479425643568002797,-0.47822022438,-0.32682133
1479425643617989169,-0.47651646352,-0.33939308
1479425643667972666,-0.471347527384,-0.34226102
1479425643718032471,-0.4660574586399999,-0.34254047
1479425643768022390,-0.462512254715,-0.3576401
1479425643817977613,-0.462512254715,-0.36679482
1479425643868020989,-0.462512254715,-0.38051987
1479425643918067971,-0.462512254715,-0.41165984
1479425643968024987,-0.462512254715,-0.46889502
1479425644018075287,-0.462512254715,-0.5071378
1479425644068022241,-0.457487492992,-0.5005602
1479425644118025782,-0.443766019317,-0.4823255
1479425644168090393,-0.42556099071000003,-0.4946954
1479425644218072197,-0.40390698132299996,-0.48180246
1479425644268092442,-0.38026135374799996,-0.47388756
1479425644318172636,-0.35830988941299996,-0.47712734
1479425644368105972,-0.35081118345299994,-0.4886927
1479425644418192020,-0.35241378212700003,-0.5029504
1479425644468099851,-0.358507991462,-0.5364594
1479425644518207952,-0.36461865261299997,-0.59466195
1479425644568118780,-0.367221147248,-0.5773016
1479425644618145405,-0.368264466524,-0.5512064
1479425644668159443,-0.36477380990999997,-0.5407736
1479425644718174754,-0.35991327479999996,-0.53574556
1479425644768162029,-0.35362613110299995,-0.5219583
1479425644818167917,-0.345992898279,-0.51945853
1479425644868142285,-0.339679713099,-0.5039337
1479425644918163181,-0.333578436695,-0.478842
1479425644968232346,-0.325071364609,-0.43424726
1479425645018207241,-0.316367303491,-0.4178362
1479425645068207075,-0.311143159586,-0.4060291
1479425645118337649,-0.305665254293,-0.40082234
1479425645168209881,-0.29895215820099996,-0.3921818
1479425645218222672,-0.29347363385499997,-0.38363189
1479425645268240972,-0.286758627941,-0.3854124
1479425645318249847,-0.278321422468,-0.35358506
1479425645368279023,-0.26639171805399997,-0.2948677
1479425645418281200,-0.2489782981,-0.23924646
1479425645468244488,-0.226895473972,-0.21052548
1479425645518291679,-0.200748320705,-0.193009
1479425645568350448,-0.176897938159,-0.18972777
1479425645618309928,-0.161186262982,-0.18556435
1479425645668323867,-0.155334308743,-0.18048438
1479425645718379352,-0.155334308743,-0.1805806
1479425645768364992,-0.155880199953,-0.16313824
1479425645818426608,-0.157079637051,-0.16585156
1479425645868389773,-0.157079637051,-0.141177
1479425645918456385,-0.157079637051,-0.12692598
1479425645968377321,-0.155334308743,-0.13715717
1479425646018464812,-0.155334308743,-0.13142365
1479425646068437076,-0.154825783764,-0.11525592
1479425646118425282,-0.146067493928,-0.09634678
1479425646168418425,-0.1368965224,-0.09139272
1479425646218421418,-0.12999292146,-0.08793259
1479425646268450565,-0.121694985001,-0.06937589
1479425646318537388,-0.11427392289999999,-0.050206337
1479425646368440660,-0.105534195035,-0.036366817
1479425646418407584,-0.0981658253386,-0.025990423
1479425646468479128,-0.08811677806530001,-0.018534351
1479425646518514679,-0.07984183162889999,-0.0012710737
1479425646568453590,-0.0711224782642,-0.01672915
1479425646618521836,-0.0650199976696,-0.016141128
1479425646668586849,-0.058471964117599994,-0.023847181
1479425646718512709,-0.054559165824499996,-0.015207732
1479425646768597329,-0.0523598790169,-0.009780061
1479425646818536219,-0.0523598790169,-0.015734885
1479425646868502578,-0.0519661476087,-0.012221304
1479425646918538806,-0.0493497038031,-0.0012710737
1479425646968547225,-0.0467365174058,-0.0012710737
1479425647018604847,-0.04363323003050001,-0.0012710737
1479425647068545204,-0.041515859825300004,-0.0012710737
1479425647118589008,-0.0354124405425,-0.0022272137
1479425647168561360,-0.0219756916561,-0.0012710737
1479425647218638259,-0.0102844269316,-0.0012710737
1479425647268609598,-0.0031452566588899998,-0.0012710737
1479425647318718500,-0.000524385930215,-0.0012710737
1479425647368589682,-0.00174532923847,-0.0045125475
1479425647418694893,-0.00349065847695,-0.008520795
1479425647468626985,-0.00349065847695,-0.009214235
1479425647518692359,-0.00349065847695,-0.011077981
1479425647568733635,-0.00349065847695,-0.019485548
1479425647618719411,-0.00349065847695,-0.026365388
1479425647668713136,-0.00580982519412,-0.030714478
1479425647718716231,-0.0156890410423,-0.037014607
1479425647768716918,-0.030754839034700002,-0.0450517
1479425647818691781,-0.0441713729397,-0.04312779
1479425647868826790,-0.0491440829221,-0.044772774
1479425647918736609,-0.0506145469844,-0.045675013
1479425647968692394,-0.048623416322499995,-0.0471273
1479425648018749801,-0.0471238903701,-0.04937355
1479425648068731215,-0.0471238903701,-0.057811696
1479425648118794598,-0.0471238903701,-0.0656172
1479425648168818918,-0.0471238903701,-0.06836484
1479425648218753025,-0.0471238903701,-0.077488
1479425648268823880,-0.045378562063,-0.08451409
1479425648318780490,-0.045378562063,-0.086542785
1479425648368774825,-0.045378562063,-0.07903296
1479425648418823926,-0.045378562063,-0.08282956
1479425648468774453,-0.04345755590869999,-0.08663488
1479425648518965614,-0.0390779466723,-0.082942836
1479425648568843313,-0.0347300878899,-0.087669194
1479425648618857163,-0.029670597985400005,-0.093712345
1479425648668934562,-0.029670597985400005,-0.09829834
1479425648718820193,-0.0324391846968,-0.10519834
1479425648768873756,-0.0386936868868,-0.110188216
1479425648818898999,-0.04639327694419999,-0.11320151
1479425648868872748,-0.0524874619539,-0.11054222
1479425648918871052,-0.0558505356312,-0.115966685
1479425648968893317,-0.057595863938300004,-0.122061625
1479425649018930716,-0.057595863938300004,-0.12029654
1479425649068876272,-0.05934119597080001,-0.1267186
1479425649118992237,-0.0630462761405,-0.14832368
1479425649168954269,-0.0754280252981,-0.14925607
1479425649218966042,-0.0911181955053,-0.14854544
1479425649268959917,-0.106709092235,-0.15587309
1479425649318977187,-0.118039101401,-0.15803249
1479425649368993971,-0.1309701316,-0.16189738
1479425649419014768,-0.134390354156,-0.16973628
1479425649468993419,-0.134390354156,-0.19682364
1479425649518975770,-0.137055807358,-0.21112274
1479425649568990269,-0.143152229348,-0.21999873
1479425649619062765,-0.148428159866,-0.20571716
1479425649668992828,-0.155361802299,-0.18491676
1479425649719062815,-0.16062273090999998,-0.16339864
1479425649769090518,-0.164096918096,-0.15140109
1479425649819173093,-0.169296935201,-0.14238445
1479425649869043302,-0.169296935201,-0.11923782
1479425649919070285,-0.169296935201,-0.10387834
1479425649969108042,-0.165813363816,-0.09023199
1479425650019116583,-0.16320068395,-0.08115919
1479425650069062014,-0.15885148759099998,-0.08063053
1479425650119153568,-0.152791085928,-0.07887923
1479425650169127663,-0.14329621120799999,-0.052024145
1479425650219187094,-0.13188691975199998,-0.033016257
1479425650269070732,-0.11541303672499999,-0.030438881
1479425650319101786,-0.0979678052631,-0.017391875
1479425650369168301,-0.0805281480402,-0.0012710737
1479425650419144815,-0.069955977252,-0.0012710737
1479425650469195263,-0.06457718461749999,-0.0012710737
1479425650519206464,-0.0628318563104,-0.0012710737
1479425650569140368,-0.059432678844,-0.0012710737
1479425650619189796,-0.054297618561,0.034205545
1479425650669192126,-0.0455827522581,0.02737442
1479425650719229971,-0.0370870311549,0.07394845
1479425650769205762,-0.0196818291147,0.13253237
1479425650819145981,0.00197741153053,0.15360291
1479425650869159760,0.025379742872900003,0.16488606
1479425650919214385,0.050794684011699995,0.19008398
1479425650969225065,0.0743030285524,0.21255767
1479425651019244924,0.0953857281984,0.23327473
1479425651069227339,0.116136191396,0.22576182
1479425651119297007,0.13129495324,0.2394026
1479425651169378225,0.147708720673,0.25819442
1479425651219324845,0.16334361949200002,0.28259918
1479425651269383671,0.185708751215,0.30926168
1479425651319289733,0.20822737149,0.3164162
1479425651369417267,0.236234939375,0.35337332
1479425651419356810,0.26301636571,0.3612911
1479425651469339337,0.288487514289,0.40767783
1479425651519635268,0.309913672411,0.44573733
1479425651569374658,0.32396823854699996,0.4463843
1479425651619371865,0.337037034045,0.4516864
1479425651669372004,0.35336303200900004,0.4984318
1479425651719499607,0.37735099689400003,0.55133206
1479425651769458387,0.403474689627,0.5912755
1479425651819415270,0.42720933103500003,0.62568796
1479425651869384251,0.44750225281499995,0.63594925
1479425651919459947,0.469040013472,0.6305797
1479425651969454103,0.492295039283,0.6326516
1479425652019476153,0.5231241407899999,0.64177513
1479425652069443216,0.55939619836,0.63864857
1479425652119586767,0.599898643531,0.671989
1479425652169470815,0.631452910241,0.69570667
1479425652219428572,0.661356496233,0.72545874
1479425652269434926,0.688932730726,0.7354878
1479425652319464711,0.7113568505329999,0.708777
1479425652369545463,0.733165367882,0.70898855
1479425652419576810,0.750336556337,0.7046065
1479425652469549714,0.762025752277,0.7366541
1479425652519588246,0.766199529171,0.7833806
1479425652569504591,0.766199529171,0.7789721
1479425652619644515,0.766199529171,0.80365217
1479425652669638337,0.766199529171,0.78109217
1479425652719642269,0.7739733330249999,0.818284
1479425652769558751,0.7984435409039999,0.82148045
1479425652819572937,0.835088095136,0.8528833
1479425652869612959,0.873030482366,0.8220763
1479425652919757627,0.8972926241329999,0.7667714
1479425652969573907,0.905825853348,0.7784361
1479425653020165686,0.9013455002040001,0.7024583
1479425653069662333,0.895781106646,0.7374472
1479425653119693759,0.8936085700990001,0.805325
1479425653169642859,0.8936085700990001,0.8117608
1479425653219623037,0.895353913307,0.7567871
1479425653269689959,0.896642131775,0.7223381
1479425653319683872,0.899266358547,0.77271694
1479425653369684377,0.9053679375939999,0.7916561
1479425653419679171,0.908383651172,0.85068625
1479425653469711261,0.917103178338,0.8178559
1479425653519654699,0.926194505134,0.8079966
1479425653569688917,0.9392737935050001,0.81977445
1479425653619754811,0.9484860001350001,0.8599481
1479425653669707421,0.949958306784,0.7807272
1479425653719824812,0.943113176779,0.7256466
1479425653769686308,0.931812617719,0.7609102
1479425653819732618,0.918737422852,0.80550605
1479425653869716035,0.911061882973,0.8139927
1479425653919765057,0.901995147438,0.7695038
1479425653969719494,0.896441601124,0.7977766
1479425654019769198,0.8859708299369999,0.76839834
1479425654069742649,0.8772662223440001,0.7382107
1479425654119731859,0.870610027333,0.7408695
1479425654169809929,0.8633204239569999,0.7030687
1479425654219732810,0.8543307596899999,0.7223164
1479425654269751846,0.841255233133,0.7360913
1479425654319807248,0.824413693673,0.71455973
1479425654369795496,0.8040771439830001,0.7075499
1479425654419832203,0.784030792845,0.6977766
1479425654469805812,0.7622614945589999,0.6906841
1479425654520220380,0.7388517109460001,0.67487776
1479425654569861425,0.721547890188,0.6580209
1479425654619965431,0.7040891975329999,0.6711017
1479425654669810442,0.68671805262,0.6493924
1479425654719899204,0.665297370331,0.6199313
1479425654769828515,0.640306699427,0.6040582
1479425654819937854,0.613011253533,0.57701546
1479425654869828832,0.586942742384,0.5796889
1479425654919917599,0.562717493209,0.55781734
1479425654969902639,0.53919304901,0.5074275
1479425655019898414,0.515660639006,0.45942017
1479425655070032014,0.491023548702,0.41753903
1479425655119981197,0.464712018359,0.39499658
1479425655169906785,0.435315903833,0.38009012
1479425655219921916,0.405671299048,0.3479498
1479425655269975169,0.379518504308,0.31186625
1479425655319982320,0.355276743949,0.27495703
1479425655369958819,0.334521237234,0.25657585
1479425655420028571,0.318971735208,0.19681625
1479425655469972464,0.306913909411,0.16909474
1479425655519955258,0.29820959145,0.15321764
1479425655569985819,0.291235408817,0.16135803
1479425655620073768,0.286233991385,0.15692134
1479425655670026624,0.285253944502,0.12402997
1479425655720007692,0.282461825241,0.06565435
1479425655770035271,0.265700401522,0.058533583
1479425655820069627,0.240270340226,0.045399584
1479425655870112203,0.21148713937199998,0.022725303
1479425655920091209,0.188204863151,0.011064657
1479425655970155876,0.17438589167399998,-0.0012710737
1479425656020674613,0.171042263508,-0.0012710737
1479425656070158117,0.17011480199,-0.0012710737
1479425656120105883,0.156848892967,-0.0012710737
1479425656170215407,0.132348245038,-0.0012710737
1479425656220156773,0.10449974840199999,-0.0012710737
1479425656270135014,0.0774935281646,-0.0012710737
1479425656320201479,0.050490953686600004,-0.0012710737
1479425656370229898,0.029581515052799996,-0.00415592
1479425656420182955,0.0209439508617,-0.036013212
1479425656470228315,0.0209439508617,-0.046221
1479425656520259099,0.024434698495299997,-0.064770415
1479425656570195709,0.026179939508400002,-0.06996055
1479425656620202893,0.0244570874125,-0.06025546
1479425656670205985,0.024434609338599998,-0.055242952
1479425656720279301,0.024434609338599998,-0.059131723
1479425656770262929,0.0226892810315,-0.05190893
1479425656820383760,0.0209744460511,-0.0514458
1479425656870283334,0.0183738555865,-0.059946768
1479425656920313785,0.014015279552599999,-0.062936224
1479425656970277788,0.00791951835613,-0.07196526
1479425657020282199,0.00189136699108,-0.066356026
1479425657070284987,-0.00079389395285,-0.07523747
1479425657120442314,-0.005166595457069999,-0.08149878
1479425657170289634,-0.009507494786510001,-0.09531644
1479425657220322691,-0.0104719754308,-0.09509903
1479425657270317764,-0.0104719754308,-0.090095714
1479425657320395304,-0.0104719754308,-0.094563775
1479425657370325165,-0.0104719754308,-0.095364824
1479425657420348547,-0.0104719754308,-0.102874465
1479425657470407883,-0.0062346921181899995,-0.10405219
1479425657520911070,-0.00183315283202,-0.11314129
1479425657570357485,0.0,-0.10905143
1479425657620372259,-0.00174532923847,-0.114571854
1479425657670404819,-0.00420890077825,-0.13323519
1479425657720400593,-0.0101447136554,-0.15390341
1479425657770419135,-0.014665572316,-0.18326467
1479425657820420640,-0.0225133025649,-0.20240645
1479425657870466926,-0.0317343075121,-0.21947059
1479425657920442240,-0.0415096729369,-0.2677067
1479425657970434550,-0.05785369488559999,-0.32581693
1479425658020437636,-0.07751486526569999,-0.32498115
1479425658070458596,-0.103039754432,-0.3208961
1479425658120465779,-0.137890120117,-0.3353088
1479425658170505161,-0.171570736265,-0.3461103
1479425658220561111,-0.20576197225900003,-0.36691892
1479425658270539643,-0.23945464836,-0.36866736
1479425658320500388,-0.267315890349,-0.37408155
1479425658370493458,-0.290419053459,-0.37554425
1479425658420571465,-0.307923839664,-0.39937013
1479425658470593609,-0.321231715997,-0.3989752
1479425658520550123,-0.33430223893100003,-0.3791098
1479425658570600386,-0.34503408144299996,-0.378276
1479425658620602028,-0.354023120638,-0.38534802
1479425658670526738,-0.35837265104599997,-0.39851412
1479425658720653283,-0.36099612994499997,-0.39287904
1479425658770565751,-0.363028496504,-0.39270416
1479425658820578117,-0.364461657974,-0.38346183
1479425658870588360,-0.36477380990999997,-0.3748291
1479425658920601120,-0.367941818529,-0.3655445
1479425658970581342,-0.37055048146799996,-0.36501563
1479425659020633564,-0.37491204049099996,-0.36386096
1479425659070632352,-0.37699112296099996,-0.36835757
1479425659120695003,-0.37699112296099996,-0.3542148
1479425659170633646,-0.380481779575,-0.377333
1479425659220781944,-0.382227092981,-0.39171267
1479425659270653950,-0.38397243619000004,-0.40163013
1479425659320747394,-0.385350368063,-0.4089048
1479425659370738221,-0.387463092804,-0.38685486
1479425659420685386,-0.389208436012,-0.37889564
1479425659470664107,-0.389208436012,-0.367153
1479425659520799420,-0.389208436012,-0.34518918
1479425659570742469,-0.394904160925,-0.36710572
1479425659620716638,-0.402756836847,-0.3909298
1479425659670741760,-0.414994201978,-0.40173832
1479425659720834377,-0.431109498983,-0.4042281
1479425659770742929,-0.450280404225,-0.3923597
1479425659820741440,-0.47077405707900005,-0.3930933
1479425659870777667,-0.488211640254,-0.3635366
1479425659920739695,-0.498253142643,-0.37514734
1479425659970785712,-0.505218655418,-0.3979751
1479425660020827157,-0.512664185019,-0.3929581
1479425660070653986,-0.520876768664,-0.38562864
1479425660120768507,-0.531356076171,-0.4489767
1479425660170967389,-0.542240447905,-0.4957539
1479425660221010467,-0.557056363361,-0.5474462
1479425660271022353,-0.574387489019,-0.5326484
1479425660320973765,-0.598656488504,-0.5430904
1479425660370916987,-0.631583802664,-0.63437515
1479425660420829720,-0.6761229460079999,-0.6719416
1479425660470902418,-0.7267331496899999,-0.7143471
1479425660520892175,-0.779018410775,-0.7185858
1479425660570900959,-0.8270200996789999,-0.8640447
1479425660620933516,-0.861819820632,-0.97741824
1479425660670947901,-0.877900600433,-1.0082301
1479425660720907788,-0.8743438611259999,-0.9495478
1479425660770942125,-0.8492686381219999,-0.97413975
1479425660820935488,-0.8114889761949999,-1.0229152
1479425660870953991,-0.764419638906,-1.0697213
1479425660920978674,-0.7092911072560001,-1.1582211
1479425660970962229,-0.646789362368,-1.0951585
1479425661020994244,-0.581441603226,-1.0544429
1479425661070945772,-0.527717708288,-1.0341985
1479425661121009674,-0.48660478031800003,-1.0781484
1479425661170958927,-0.46150458375299996,-1.183638
1479425661221043782,-0.451543700722,-1.1196796
1479425661271029253,-0.450777461544,-1.0590751
1479425661321005156,-0.460589572124,-1.0515378
1479425661371059545,-0.4699544567600001,-1.0161283
1479425661421013431,-0.47581635448,-1.0003575
1479425661471057680,-0.47472956776600006,-0.902005
1479425661521021326,-0.473651720911,-0.73213667
1479425661571159423,-0.469082466293,-0.55664766
1479425661621085341,-0.461446550379,-0.45795238
1479425661671060607,-0.45341877313600004,-0.42921734
1479425661721101557,-0.442948313992,-0.43415815
1479425661771074130,-0.43059455989100004,-0.3754688
1479425661821111816,-0.416462943009,-0.28839535
1479425661871146438,-0.393475101049,-0.20868516
1479425661921125311,-0.364381567986,-0.16536888
1479425661971113762,-0.32491173738699997,-0.1507709
1479425662021125393,-0.27940706799000004,-0.14132103
1479425662071138413,-0.228786684998,-0.13778076
1479425662121111701,-0.18135828035,-0.13374716
1479425662171150341,-0.144309149531,-0.13358016
1479425662221119520,-0.127200819041,-0.13399555
1479425662271209875,-0.12217304855599999,-0.12459196
1479425662321181450,-0.12217304855599999,-0.10663612
1479425662371217240,-0.127490503369,-0.09379901
1479425662421200162,-0.13264502584899998,-0.090594776
1479425662471219969,-0.134390354156,-0.076455615
1479425662521178933,-0.131701122666,-0.07166099
1479425662571243391,-0.130899697542,-0.06686331
1479425662621285688,-0.130899697542,-0.06542865
1479425662671374024,-0.129091189525,-0.064514555
1479425662721346927,-0.123807973544,-0.056909073
1479425662771256387,-0.116854332862,-0.05172991
1479425662821435198,-0.110780864778,-0.037639428
1479425662871303307,-0.111763004712,-0.021034796
1479425662921320611,-0.12222061646099999,-0.015153419
1479425662971315760,-0.12388704410599999,-0.0104756635
1479425663021413650,-0.116045829929,-0.012386522
1479425663071380147,-0.109937409581,-0.0012710737
1479425663121371469,-0.09774119965489998,-0.0012710737
1479425663171394506,-0.0803138943077,-0.0012710737
1479425663221345601,-0.0525613614364,-0.0012710737
1479425663271410126,-0.0107236497811,-0.0012710737
1479425663321352980,0.018949790764,-0.0012710737
1479425663371388320,0.0279252678156,-0.0012710737
1479425663421405656,0.035653137110199996,-0.0012710737
1479425663471440034,0.0538167411534,-0.0012710737
1479425663521412639,0.0764536602884,-0.0012710737
1479425663571425152,0.09873044416610001,-0.0012710737
1479425663621502415,0.10901759247300001,-0.0012710737
1479425663671418784,0.101542971338,-0.0012710737
1479425663721480702,0.0782297835527,-0.0012710737
1479425663771496679,0.04779976062250001,-0.0012710737
1479425663821547885,0.0197463106786,-0.0012710737
1479425663871541490,0.0020350021122,-0.0012710737
1479425663921532179,0.00174532923847,-0.0012710737
1479425663971474519,0.00174532923847,-0.0012710737
1479425664021467228,0.00598179832832,-0.0012710737
1479425664071526491,0.008726646192370001,-0.0012710737
1479425664121592161,0.0104719754308,-0.0012710737
1479425664171553834,0.0104719754308,-0.0012710737
1479425664221519630,0.0048138519224399995,-0.0012710737
1479425664271582399,-0.00144202466377,-0.0012710737
1479425664321576103,-0.0101363267163,-0.0012710737
1479425664371578999,-0.0188659026435,-0.0012710737
1479425664421559309,-0.0233762246643,-0.0012710737
1479425664471621530,-0.0277357124446,-0.0012710737
1479425664521574908,-0.0279252678156,-0.0012710737
1479425664571586646,-0.0279252678156,-0.0012710737
1479425664621562982,-0.026179939508400002,0.0071007255
1479425664671667068,-0.024646315863700002,-0.0012710737
1479425664721666866,-0.025516694875,-0.0012710737
1479425664771619086,-0.024434609338599998,-0.0012710737
1479425664821645875,-0.0220433977864,-0.0012710737
1479425664871652629,-0.0111831552359,-0.0012710737
1479425664921664411,0.00364224972885,-0.0012710737
1479425664971653161,0.0151962717417,-0.0012710737
1479425665021751412,0.024434609338599998,-0.0012710737
1479425665071703956,0.0214647423184,-0.0012710737
1479425665121724891,0.0121882887045,0.0033460865
1479425665171725661,0.0022959799619499998,-0.0012710737
1479425665221722958,-0.00408031212707,-0.0012710737
1479425665271729300,-0.00552018892213,0.006653999
1479425665321750048,-0.00465407770422,0.00039495155
1479425665371820271,-0.0005870125492940001,-0.0012710737
1479425665421820391,0.00174532923847,-0.0012710737
1479425665471740051,0.00174532923847,-0.0012710737
1479425665521755509,0.00174532923847,0.012284824
1479425665571802481,0.00174532923847,0.012221284
1479425665621816955,0.00174532923847,0.018813413
1479425665671837273,0.00174532923847,0.031629253
1479425665721785453,0.00401543073251,0.03069213
1479425665771821503,0.00523598771542,0.029653989
1479425665821869107,0.00523598771542,0.05966705
1479425665871866263,0.00523598771542,0.08652806
1479425665921895528,0.00574166867526,0.075283155
1479425665971839782,0.0100909150368,0.07015068
1479425666021897393,0.0149428977086,0.0497441
1479425666071902171,0.0232676052776,0.055098817
1479425666121872637,0.028398669485,0.054264273
1479425666171855711,0.0314159281552,0.02631886
1479425666221875041,0.0371083169796,0.02020692
1479425666271930019,0.041454880158500004,0.036805823
1479425666321901012,0.0418879017234,0.049579233
1479425666371893002,0.040577884918,0.0352637
1479425666421913128,0.037962745643699995,0.0541143
1479425666472033726,0.0349065847695,0.04990775
1479425666521919364,0.0309986728511,0.05172204
1479425666571939633,0.029670597985400005,0.052528597
1479425666621965174,0.029670597985400005,0.06675159
1479425666672010082,0.029670597985400005,0.08902222
1479425666722002080,0.0314159281552,0.08985703
1479425666771982581,0.0314159281552,0.080776624
1479425666822002517,0.033161256462300004,0.08923066
1479425666871998970,0.0373978053968,0.058365803
1479425666922067332,0.0447531202773,0.04396233
1479425666972003352,0.0607722705093,0.0559723
1479425667022020654,0.0691338165006,0.045683887
1479425667072047931,0.0792361934196,0.042548124
1479425667122044924,0.0837758034468,0.024293728
1479425667172010234,0.08082695494560001,0.005457274
1479425667222118047,0.0723050242418,0.02930044
1479425667272065440,0.058095888383,0.039906517
1479425667322044930,0.0406408794303,0.026261862
1479425667372095842,0.0279059077665,0.03187975
1479425667422113955,0.0191986225545,0.037283573
1479425667472114638,0.0191986225545,0.03116832
1479425667522142216,0.0191986225545,0.063184984
1479425667572109283,0.0203508433379,0.07428239
1479425667622189563,0.0247127338553,0.08522721
1479425667672174894,0.026179939508400002,0.083057374
1479425667722153121,0.026179939508400002,0.08695173
1479425667772124299,0.026179939508400002,0.07595716
1479425667822157148,0.026179939508400002,0.06795578
1479425667872248463,0.026179939508400002,0.06065595
1479425667922170211,0.026179939508400002,0.04519536
1479425667972214327,0.026179939508400002,0.058960382
1479425668022236142,0.026179939508400002,0.089372374
1479425668072231680,0.026179939508400002,0.08537924
1479425668122249974,0.026179939508400002,0.0834474
1479425668172176391,0.026179939508400002,0.073658966
1479425668222242819,0.026179939508400002,0.055088762
1479425668272270633,0.026179939508400002,0.045511752
1479425668322218263,0.026179939508400002,0.048008103
1479425668372231850,0.026179939508400002,0.04878003
1479425668422220462,0.026179939508400002,0.038782716
1479425668472328071,0.026179939508400002,0.027831566
1479425668522242754,0.026179939508400002,0.035094198
1479425668572351703,0.026179939508400002,0.02240333
1479425668622293835,0.026179939508400002,0.012816529
1479425668672359356,0.026179939508400002,-0.0012710737
1479425668722332355,0.026179939508400002,-0.0012710737
1479425668772343733,0.026179939508400002,-0.0012710737
1479425668822304777,0.026179939508400002,-0.0012710737
1479425668872347573,0.0279252678156,-0.0012710737
1479425668922410411,0.0279252678156,-0.0012710737
1479425668972375355,0.027149772300900002,-0.0012710737
1479425669022375187,0.0279252678156,-0.0012710737
1479425669072371557,0.0279252678156,-0.0012710737
1479425669122394755,0.0279252678156,-0.0012710737
1479425669172409212,0.026982092443,-0.0012710737
1479425669222362405,0.026179939508400002,-0.0012710737
1479425669272408567,0.026179939508400002,-0.0012710737
1479425669322453406,0.026179939508400002,-0.0012710737
1479425669372437016,0.026179939508400002,-0.0012710737
1479425669422477558,0.026179939508400002,-0.0012710737
1479425669472468976,0.024434609338599998,-0.0012710737
1479425669522454441,0.024434609338599998,-0.0012710737
1479425669572504520,0.024434609338599998,-0.0012710737
1479425669622488304,0.024434609338599998,-0.0012710737
1479425669672585792,0.0226892810315,-0.0012710737
1479425669722473038,0.0226892810315,-0.0012710737
1479425669772533229,0.0226892810315,-0.0012710737
1479425669822597827,0.0226892810315,-0.0012710737
1479425669872505312,0.0226892810315,-0.0012710737
1479425669922561678,0.0209439508617,-0.0012710737
1479425669972562863,0.017531052656799998,-0.0012710737
1479425670022549734,0.0036117821867800003,-0.0012710737
1479425670072611432,-0.0068824857073500004,-0.0012710737
1479425670122570807,-0.015595963118799998,-0.0012710737
1479425670172605512,-0.0165203172313,-0.0012710737
1479425670222613663,-0.0174532923847,-0.0012710737
1479425670272603020,-0.0157079640776,-0.0012710737
1479425670322616847,-0.014048359783100001,-0.0012710737
1479425670372662371,-0.011428824577799998,-0.0012710737
1479425670422622949,-0.0104719754308,-0.0012710737
1479425670472661983,-0.0104719754308,-0.0012710737
1479425670522628873,-0.008835014849290002,-0.0012710737
1479425670572646180,-0.0069813169539,-0.0012710737
1479425670622620881,-0.0069813169539,-0.0012710737
1479425670672635937,-0.0069813169539,-0.0012710737
1479425670722697717,-0.0069813169539,-0.0012710737
1479425670772732241,-0.00349065847695,-0.0012710737
1479425670822710563,-0.000145160659136,-0.0012710737
1479425670873263938,0.000764468690512,-0.0012710737
1479425670922651729,0.0033234202935900005,-0.0012710737
1479425670972715245,0.00768828152632,-0.0012710737
1479425671022717383,0.0104719754308,-0.0012710737
1479425671072703799,0.012217304669299999,-0.0012710737
1479425671122695757,0.013771859136999999,-0.0012710737
1479425671172742867,0.0139626339078,-0.0012710737
1479425671222860108,0.0139626339078,-0.0012710737
1479425671272814827,0.0139626339078,-0.0012710737
1479425671322891893,0.0155033900263,-0.0012710737
1479425671372867909,0.0157079640776,-0.0012710737
1479425671422777105,0.0157079640776,-0.0012710737
1479425671472845978,0.015073747713,-0.0012710737
1479425671522846159,0.0139626339078,-0.0012710737
1479425671572976241,0.0139626339078,-0.0012710737
1479425671622828825,0.0139626339078,-0.0012710737
1479425671672876239,0.0139626339078,-0.0012710737
1479425671722862456,0.0157079640776,0.0010570677
1479425671772929589,0.0174532923847,-0.0012710737
1479425671822871579,0.0174532923847,-0.0012710737
1479425671872928289,0.0168661000395,-0.0012710737
1479425671922894586,0.0157079640776,-0.0012710737
1479425671972930567,0.0110803139684,-0.0012710737
1479425672022969589,0.0069813169539,-0.0012710737
1479425672072924116,0.0069813169539,-0.0012710737
1479425672122971530,0.0069813169539,-0.0012710737
1479425672173038481,0.008726646192370001,-0.0012710737
1479425672222945418,0.00839326543466,-0.0012710737
1479425672272928449,0.008726646192370001,-0.0012710737
1479425672323060490,0.008726646192370001,-0.0012710737
1479425672373050429,0.008726646192370001,-0.0012710737
1479425672423098101,0.008726646192370001,-0.0012710737
1479425672473020633,0.008726646192370001,-0.0012710737
1479425672523003269,0.008726646192370001,-0.0012710737
1479425672573096894,0.009229326750299999,-0.0012710737
1479425672623024174,0.012217304669299999,-0.0012710737
1479425672673005021,0.0139626339078,-0.0012710737
1479425672723126477,0.0139626339078,-0.0012710737
1479425672773028473,0.0139626339078,-0.0012710737
1479425672823046606,0.0157079640776,-0.0012710737
1479425672873065222,0.0166218864797,-0.0012710737
1479425672923057151,0.020520043614000002,-0.0012710737
1479425672973083068,0.024877192839599997,-0.0012710737
1479425673023091026,0.027486924374,0.0047474965
1479425673073079511,0.0279252678156,0.002842776
1479425673123132419,0.0279252678156,0.0055620573
1479425673173207150,0.0279252678156,0.018535987
1479425673223144199,0.0279252678156,0.012819115
1479425673273228347,0.029670597985400005,0.0436237
1479425673323158919,0.0326861370835,0.0143297585
1479425673373192675,0.0352996821613,-0.0012710737
1479425673423165556,0.0396535596269,0.02001926
1479425673473158961,0.0440091925419,0.026260141
1479425673523282399,0.048375771680000006,0.04394487
1479425673573271620,0.0492407028742,0.025715847
1479425673623217387,0.0506145469844,0.016481802
1479425673673198337,0.0506145469844,0.022689302
1479425673723237625,0.0506145469844,0.022294283
1479425673773245734,0.0506145469844,0.05134066
1479425673823246084,0.0506145469844,0.038932532
1479425673873237576,0.0509345241514,0.055775844
1479425673923236462,0.0523598790169,0.054105982
1479425673973327248,0.0523598790169,0.029279947
1479425674023276203,0.0523598790169,0.03363837
1479425674073282283,0.052062568059900005,0.0407681
1479425674123255084,0.047709991557300005,0.07183525
1479425674173348782,0.0381092525926,0.067489445
1479425674223343690,0.029110895666,0.045568433
1479425674273318779,0.0256343039992,0.05050372
1479425674323330668,0.0198406097768,0.06472178
1479425674373313492,0.015451421839399999,0.09697489
1479425674423407941,0.00996101349625,0.122040085
1479425674473428953,0.0032415743855100003,0.13781843
1479425674523365185,-0.00571685170712,0.13725905
1479425674573430339,-0.014197730869200002,0.12308393
1479425674623357787,-0.0202969370447,0.11882349
1479425674673437346,-0.0226892810315,0.12537196
1479425674723360200,-0.0170366991064,0.13459493
1479425674773506267,-0.010257307957,0.13026078
1479425674823430039,-0.00201413502944,0.15201132
1479425674873443236,0.00542965762951,0.16471441
1479425674923444853,0.013277724302299999,0.17526568
1479425674973416698,0.0176310097651,0.16847897
1479425675023450256,0.0191986225545,0.16695288
1479425675073458482,0.0191986225545,0.17372815
1479425675123445949,0.0209439508617,0.17583005
1479425675173517631,0.024588620226199998,0.16753396
1479425675223462713,0.032432257999,0.16803153
1479425675273504967,0.0420269343054,0.16739972
1479425675323532316,0.0501465871621,0.16575673
1479425675373485324,0.059588098185499996,0.17505515
1479425675423517841,0.0665642418337,0.17596474
1479425675473652103,0.06994027934889999,0.18621275
1479425675523581579,0.0733038261533,0.18547405
1479425675573553807,0.07514959308889999,0.16482718
1479425675623524763,0.07775974192360001,0.16085672
1479425675673561586,0.0784558453929,0.16063964
1479425675723588764,0.07853981852530001,0.16614543
1479425675773591537,0.07853981852530001,0.15673795
1479425675823586227,0.07853981852530001,0.14861979
1479425675873587755,0.0802851468325,0.13142389
1479425675923660325,0.0802851468325,0.13486844
1479425675973614051,0.082078918455,0.14011249
1479425676023637646,0.0855211317539,0.1321565
1479425676073591489,0.0855211317539,0.12958132
1479425676123592257,0.0855211317539,0.12499211
1479425676173668081,0.0855211317539,0.11795656
1479425676223667071,0.0863943493334,0.10454094
1479425676273657389,0.08726646006110002,0.088997334
1479425676323704925,0.08726646006110002,0.085213095
1479425676373653565,0.08726646006110002,0.08913725
1479425676423542218,0.08726646006110002,0.09438933
1479425676473525937,0.08897214253519999,0.103452444
1479425676523613941,0.0898483228328,0.10034271
1479425676573571356,0.09250245243310001,0.09091565
1479425676623598369,0.09250245243310001,0.08480706
1479425676673846928,0.0942087415597,0.0939777
1479425676723773735,0.0942477807403,0.096626855
1479425676773827560,0.0942477807403,0.09375087
1479425676823914223,0.0942477807403,0.10271676
1479425676873851653,0.09250245243310001,0.105793774
1479425676923853805,0.0848603939563,0.08504037
1479425676973878587,0.0717935774822,0.09335547
1479425677023897398,0.0587184189166,0.08830066
1479425677073884515,0.052466505653400004,0.08013482
1479425677123883566,0.0506145469844,0.07417615
1479425677173810744,0.053854714696000006,0.07569705
1479425677223855937,0.0625958532753,0.07346109
1479425677273866622,0.07456207363419999,0.06279631
1479425677323813509,0.08525247566989999,0.055285882
1479425677373824617,0.0957143760462,0.05404261
1479425677423810765,0.0994837656617,0.053815007
1479425677473928466,0.0994837656617,0.04943101
1479425677523875634,0.0994837656617,0.046635836
1479425677573908373,0.0977384373546,0.061125092
1479425677623900712,0.09599310904740001,0.051943615
1479425677673908630,0.09250245243310001,0.043611366
1479425677723862740,0.0900722480752,0.010298542
1479425677773976957,0.08901178836819999,-0.0012710737
1479425677824063586,0.08901178836819999,-0.0012710737
1479425677874025196,0.0874644841853,-0.0012710737
1479425677924024898,0.08485047752599999,-0.0012710737
1479425677974017516,0.08049764158089999,-0.0012710737
1479425678024012529,0.0744002097032,-0.0012710737
1479425678074003023,0.068294902494,-0.0012710737
1479425678124034386,0.059807350925599995,-0.0012710737
1479425678173958759,0.051110653326599996,-0.0012710737
1479425678224014784,0.0400157142271,-0.0012710737
1479425678274060219,0.0301758096209,-0.0012710737
1479425678324037822,0.0225988292363,-0.0012710737
1479425678374023055,0.0142351267935,-0.0012710737
1479425678424067596,0.009872842538530002,-0.0012710737
1479425678474087133,0.0069813169539,-0.0012710737
1479425678524142837,0.00523598771542,-0.0012710737
1479425678574066221,0.00523598771542,-0.0012710737
1479425678624114304,0.00523598771542,-0.0012710737
1479425678674101925,0.00523598771542,-0.0012710737
1479425678724185550,0.00523598771542,-0.0012710737
1479425678774167287,0.00523598771542,-0.0012710737
1479425678824131499,0.00523598771542,-0.0012710737
1479425678874211183,0.00523598771542,-0.0012710737
1479425678924151431,0.00523598771542,-0.0012710737
1479425678974217227,0.00523598771542,-0.0012710737
1479425679024324054,0.00523598771542,-0.0012710737
1479425679074257831,0.00523598771542,-0.0012710737
1479425679124209556,0.00523598771542,-0.0012710737
1479425679174201916,0.00523598771542,-0.0012710737
1479425679224140537,0.00523598771542,-0.0012710737
1479425679274161428,0.00523598771542,-0.0012710737
1479425679324259471,0.004753807134050001,-0.0012710737
1479425679374174542,0.00349065847695,-0.0012710737
1479425679424254141,0.00476997529145,-0.0012710737
1479425679474249001,0.00349065847695,-0.0012710737
1479425679524219279,0.00349065847695,-0.0012710737
1479425679574208122,0.00523598771542,-0.0012710737
1479425679624213990,0.00523598771542,-0.0012710737
1479425679674261864,0.00523598771542,-0.0012710737
1479425679724227342,0.00523598771542,-0.0012710737
1479425679774350066,0.00523598771542,-0.0012710737
1479425679824250509,0.00523598771542,-0.0012710737
1479425679874270067,0.00523598771542,-0.0012710737
1479425679924373411,0.00523598771542,-0.0012710737
1479425679974477294,0.0069813169539,-0.0012710737
1479425680024471694,0.011667216577099999,-0.0012710737
1479425680074442906,0.0217218137224,-0.0012710737
1479425680124521700,0.0286978052773,-0.0012710737
1479425680174370297,0.0391298644482,-0.0012710737
1479425680224330692,0.044346099431099996,-0.0012710737
1479425680274336689,0.0471238903701,-0.0012710737
1479425680324314346,0.037382875650199994,-0.0012710737
1479425680374366871,0.024848936428099995,-0.0012710737
1479425680424455139,0.00597023197696,-0.0012710737
1479425680474526816,-0.00187967278024,-0.0012710737
1479425680524388055,-0.00349065847695,-0.0012710737
1479425680574456645,-0.0005589247618169999,-0.0012710737
1479425680624421702,0.00265713606482,-0.0012710737
1479425680674471110,0.0128210464057,-0.0012710737
1479425680724443315,0.025023210434900002,-0.0012710737
1479425680774422428,0.0314159281552,-0.0012710737
1479425680824460467,0.0314159281552,-0.0012710737
1479425680874546907,0.0314159281552,-0.0012710737
1479425680924589268,0.031141128545900003,-0.0012710737
1479425680974465150,0.025055213904800002,-0.0012710737
1479425681024590500,0.0184189652971,-0.0012710737
1479425681074593980,0.0099631143607,-0.0012710737
1479425681124540293,0.00174532923847,-0.005742616
1479425681174544345,0.00174532923847,-0.006553676
1479425681224607774,0.0,-0.00875988
1479425681274588391,0.0,-0.0028321743
1479425681324551219,0.0,-0.008873058
1479425681374583255,0.0,-0.01467539
1479425681424572789,0.0,-0.010054806
1479425681474644938,0.0,-0.006214877
1479425681524625771,0.0,-0.020946916
1479425681574666885,0.0,-0.027685188
1479425681624655620,0.0,-0.03890062
1479425681674615040,-0.00452506696958,-0.042736888
1479425681724673206,-0.008884592305430001,-0.05361357
1479425681774618159,-0.012217304669299999,-0.04476893
1479425681824715841,-0.0141133323246,-0.044902366
1479425681874730700,-0.020216132014400003,-0.045706127
1479425681924634067,-0.026309857105299997,-0.047453005
1479425681974629831,-0.0334070710558,-0.054784056
1479425682024831623,-0.0456528002563,-0.049084604
1479425682074661221,-0.0533449614819,-0.038916476
1479425682124802544,-0.055736317896999996,-0.036410775
1479425682174774267,-0.04865886063950001,-0.041685
1479425682224784269,-0.0344954729815,-0.03472115
1479425682274730961,-0.0170937261678,-0.020774178
1479425682324747702,-0.0032446846153600002,-0.0012710737
1479425682374744005,0.0061711983380500005,-0.0012710737
1479425682424762752,0.0069813169539,-0.0012710737
1479425682474753336,0.0069813169539,-0.011621236
1479425682524735534,0.0034385021854899996,-0.025593307
1479425682574779269,0.000825253185135,-0.03296244
1479425682624834835,-0.00528208898275,-0.04270228
1479425682674769853,-0.0122820356234,-0.050793286
1479425682724794050,-0.0192255439351,-0.059931666
1479425682774832598,-0.0244786004041,-0.06808209
1479425682824885971,-0.031458591736,-0.07711151
1479425682874785046,-0.03840992237659999,-0.08014371
1479425682924800025,-0.043630960654300006,-0.091653265
1479425682974935610,-0.0480001022111,-0.113847084
1479425683024840626,-0.0523598790169,-0.124890916
1479425683074871456,-0.0558505356312,-0.13075033
1479425683124912647,-0.0558505356312,-0.1349238
1479425683174929661,-0.0558505356312,-0.14436524
1479425683224851279,-0.0558505356312,-0.13098557
1479425683274878812,-0.0566785506044,-0.12192969
1479425683324860764,-0.06435841109280001,-0.123577386
1479425683374898467,-0.07570952166560001,-0.11289055
1479425683424911891,-0.09046967690789999,-0.12475752
1479425683474921484,-0.103623963377,-0.11439224
1479425683524963386,-0.109880715157,-0.09861195
1479425683574921573,-0.10995574295499999,-0.09909861
1479425683624969375,-0.108298449052,-0.10293443
1479425683675021152,-0.107428900681,-0.097035155
1479425683724967035,-0.10646508634099999,-0.10226854
1479425683774944948,-0.10646508634099999,-0.07597953
1479425683824999184,-0.10646508634099999,-0.077075906
1479425683875005819,-0.10646508634099999,-0.077457964
1479425683925015916,-0.10646508634099999,-0.07188255
1479425683975030131,-0.10646508634099999,-0.0646012
1479425684025132395,-0.10646508634099999,-0.047761388
1479425684075007775,-0.10646508634099999,-0.040089987
1479425684125055876,-0.10646508634099999,-0.025033463
1479425684175152631,-0.10471975803400001,-0.031538215
1479425684225171878,-0.103132319891,-0.024858601
1479425684275133054,-0.101229093969,-0.016817374
1479425684325053183,-0.09792033033980001,-0.01981455
1479425684375137274,-0.0886918546582,-0.016677989
1479425684425138329,-0.07737556042589999,-0.0012710737
1479425684475144609,-0.0660581122167,-0.006447137
1479425684525110534,-0.0530055014165,-0.0012710737
1479425684575116714,-0.0423323948996,-0.0012710737
1479425684625116687,-0.0318650416992,-0.0012710737
1479425684675144489,-0.024892513889599996,-0.0012710737
1479425684725160686,-0.012925353008099999,-0.0012710737
1479425684775160743,-0.0016061182690699997,-0.0012710737
1479425684825121238,0.00498430853814,-0.0054241135
1479425684875126738,0.00523598771542,-0.0012710737
1479425684925231353,0.00200487902939,-0.0012710737
1479425684975191362,-0.0064472861706800005,-0.0012710737
1479425685025217891,-0.0136889135436,-0.0012710737
1479425685075246527,-0.00868785020391,-0.0062639248
1479425685125169151,0.00579486933874,-0.026748497
1479425685175213584,0.0232481821831,-0.03084362
1479425685225196878,0.0374823127414,-0.03615813
1479425685275199939,0.038397245109099996,-0.03000801
1479425685325299675,0.036961852476499996,-0.043379538
1479425685375359509,0.030857627168799997,-0.04892572
1479425685425265908,0.0279252678156,-0.04431817
1479425685475330723,0.0279252678156,-0.008393113
1479425685525301729,0.0279252678156,-0.0012710737
1479425685575369157,0.0256597269724,-0.0012710737
1479425685625282097,0.012329081558299999,-0.0012710737
1479425685675454152,-0.018104442477099997,-0.0012710737
1479425685725363989,-0.056393512949,-0.0012710737
1479425685775420962,-0.0750491544604,-0.0012710737
1479425685825434028,-0.0660596698006,-0.0012710737
1479425685875363085,-0.03945756796,-0.0012710737
1479425685925446046,-0.020354360656,-0.0012710737
1479425685975463740,-0.014443917464900001,-0.0012710737
1479425686025396424,-0.0157079640776,-0.0012710737
1479425686075480713,-0.0157079640776,-0.0012710737
1479425686125429225,-0.0139626339078,-0.0012710737
1479425686175421472,-0.00957439152209,-0.0012710737
1479425686225448864,-0.0008583791493470001,-0.0012710737
1479425686275397885,0.007413375046970001,-0.0012710737
1479425686325434200,0.013063777398899998,-0.0012710737
1479425686375524076,0.021781516795900003,-0.0012710737
1479425686425569550,0.0279252678156,-0.0012710737
1479425686475458417,0.0279252678156,-0.0012710737
1479425686525443130,0.0279252678156,-0.0012710737
1479425686575520837,0.027526875961700004,-0.0012710737
1479425686625465795,0.024434609338599998,-0.0012710737
1479425686675542278,0.022306115738300002,-0.0012710737
1479425686725523485,0.0209439508617,-0.0012710737
1479425686775523118,0.018832003643900003,-0.0012710737
1479425686825516128,0.0132448924465,-0.0012710737
1479425686875554751,0.0062685027058900005,-0.0012710737
1479425686925549187,0.00174532923847,-0.0012710737
1479425686975528178,0.00557438220172,-0.0012710737
1479425687025627372,0.012897776490200002,-0.0012710737
1479425687075518796,0.021907054470599995,-0.0012710737
1479425687125535046,0.029113759108099997,-0.0012710737
1479425687175552610,0.0276139884172,-0.0012710737
1479425687225661672,0.0220594442852,-0.0012710737
1479425687275568621,0.013364975198,-0.0012710737
1479425687325579978,0.0058151558652200005,-0.0012710737
1479425687375625472,0.000880374497394,-0.0012710737
1479425687425597247,-0.006379058414620001,-0.0012710737
1479425687475590275,-0.0104719754308,-0.0012710737
1479425687525654880,-0.0104719754308,-0.0012710737
1479425687575619264,-0.008726646192370001,-0.0012710737
1479425687625663680,-0.0075980829017799996,-0.0012710737
1479425687675676802,-0.0069813169539,-0.0012710737
1479425687725671818,-0.008726646192370001,-0.0012710737
1479425687775708515,-0.008726646192370001,-0.0026790046
1479425687825720023,-0.0069813169539,-0.019292243
1479425687875739298,-0.0069813169539,-0.016503945
1479425687925711077,-0.0069813169539,-0.0071288547
1479425687975742355,-0.0069813169539,-0.0012710737
1479425688025696602,-0.0069813169539,-0.0012710737
1479425688075779684,-0.0069813169539,-0.0012710737
1479425688125834238,-0.0069813169539,-0.0012710737
1479425688175797223,-0.0069813169539,-0.0012710737
1479425688225732593,-0.0069813169539,-0.0012710737
1479425688275746225,-0.0069813169539,-0.0012710737
1479425688325771344,-0.008726646192370001,-0.0012710737
1479425688375787777,-0.0104719754308,-0.0012710737
1479425688425819702,-0.0104719754308,-0.0012710737
1479425688475848829,-0.0104719754308,-0.0012710737
1479425688525914703,-0.0104719754308,-0.0012710737
1479425688575814669,-0.0104719754308,-0.0012710737
1479425688625908181,-0.0104719754308,-0.0012710737
1479425688675824201,-0.0104719754308,-0.0012710737
1479425688725969645,-0.0104719754308,-0.0012710737
1479425688775889521,-0.0104719754308,-0.0012710737
1479425688826000707,-0.0104719754308,-0.0012710737
1479425688875837581,-0.0104719754308,-0.0012710737
1479425688925892595,-0.0104719754308,-0.0012710737
1479425688975870151,-0.0104719754308,-0.0012710737
1479425689025937336,-0.0104719754308,-0.0012710737
1479425689075887945,-0.0069813169539,-0.0012710737
1479425689125900774,-0.00523598771542,-0.0012710737
1479425689175952720,-0.00349065847695,-0.0012710737
1479425689225922021,-0.004404663529130001,-0.0012710737
1479425689275977444,-0.00523598771542,-0.0012710737
1479425689325981093,-0.0069813169539,-0.0012710737
1479425689375930769,-0.0104719754308,-0.0012710737
1479425689425982475,-0.0104719754308,-0.0012710737
1479425689475936841,-0.0104719754308,-0.0012710737
1479425689525932788,-0.0104719754308,-0.0012710737
1479425689576075684,-0.0034795641498699998,-0.0012710737
1479425689625968739,0.00346816804086,-0.0012710737
1479425689676057359,0.0139209339571,-0.0012710737
1479425689726044381,0.0243871939652,-0.0012710737
1479425689776009732,0.0314159281552,-0.0012710737
1479425689826074775,0.0314159281552,-0.0012710737
1479425689876104335,0.029670597985400005,-0.0012710737
1479425689926092505,0.0279252678156,-0.0012710737
1479425689976011630,0.024495562475900002,-0.0012710737
1479425690026114253,0.0193149203562,-0.0012710737
1479425690076126378,0.00724626223075,-0.0012710737
1479425690126099706,-0.016968216747299997,-0.0012710737
1479425690176081928,-0.0362843912578,-0.0012710737
1479425690226139038,-0.04363323003050001,-0.0012710737
1479425690276118439,-0.0402488398971,-0.0012710737
1479425690326099251,-0.0316356649347,-0.0012710737
1479425690376111961,-0.024570300296499998,-0.0012710737
1479425690426122530,-0.0194558984188,-0.0012710737
1479425690476125609,-0.010795838346799999,-0.0012710737
1479425690526127978,-0.00376142090287,-0.0012710737
1479425690576164705,0.00174532923847,-0.0012710737
1479425690626175347,0.00349065847695,-0.0012710737
1479425690676173033,0.00349065847695,-0.0012710737
1479425690726174404,0.00349065847695,-0.0012710737
1479425690776186895,0.00174532923847,-0.0012710737
1479425690826177383,0.00174532923847,-0.0012710737
1479425690876237326,0.00174532923847,-0.0012710737
1479425690926291330,0.00174532923847,-0.0012710737
1479425690976235977,0.00174532923847,-0.0012710737
1479425691026278154,0.00174532923847,-0.0012710737
1479425691076217451,0.00174532923847,-0.0012710737
1479425691126230254,0.00174532923847,-0.0012710737
1479425691176368681,0.00174532923847,-0.0012710737
1479425691226360998,0.00174532923847,-0.0012710737
1479425691276319894,0.00174532923847,-0.0012710737
1479425691326372107,0.00174532923847,-0.0012710737
1479425691376299354,0.00174532923847,-0.0012710737
1479425691426277621,0.00174532923847,-0.0012710737
1479425691476296405,0.00174532923847,-0.0012710737
1479425691526291607,0.00174532923847,-0.0012710737
1479425691576342026,0.00174532923847,-0.0012710737
1479425691626437713,0.00349065847695,-0.0012710737
1479425691676377325,0.00349065847695,-0.0012710737
1479425691726349711,0.00523598771542,-0.0012710737
1479425691776393766,0.00843132473674,-0.0012710737
1479425691826406283,0.008726646192370001,-0.0012710737
1479425691876345787,0.008726646192370001,-0.0012710737
1479425691926628162,0.0110505897727,-0.0012710737
1479425691976380870,0.015381203208700001,-0.0012710737
1479425692026422576,0.0157079640776,-0.0012710737
1479425692076430067,0.0157079640776,-0.0012710737
1479425692126435448,0.0157079640776,-0.0012710737
1479425692176442367,0.0157079640776,-0.0012710737
1479425692226494269,0.0157079640776,-0.0012710737
1479425692276452574,0.0157079640776,-0.0012710737
1479425692326480589,0.0162155755613,-0.0012710737
1479425692376453305,0.0157079640776,-0.0012710737
1479425692426461472,0.0157079640776,-0.0012710737
1479425692476541845,0.0157079640776,-0.0012710737
1479425692526473273,0.0157079640776,-0.0012710737
1479425692576503167,0.0157079640776,-0.0012710737
1479425692626490152,0.0157079640776,-0.0012710737
1479425692676525127,0.014376011542499999,-0.0012710737
1479425692726584337,0.0113021285118,-0.0012710737
1479425692776598388,0.008726646192370001,-0.0012710737
1479425692826627875,0.008726646192370001,-0.0012710737
1479425692876624676,0.008726646192370001,-0.0012710737
1479425692926626601,0.008726646192370001,-0.0012710737
1479425692976686278,0.00742467070298,-0.0012710737
1479425693026662425,0.00048452989607199995,-0.0012710737
1479425693076582478,-0.00953119682024,-0.0013825957
1479425693126630302,-0.014364079256500002,-0.0012710737
1479425693176630533,-0.0169755763383,-0.007221789
1479425693226754770,-0.0209439508617,-0.0063021174
1479425693276594920,-0.0209439508617,-0.0012710737
1479425693326656736,-0.0188231051781,-0.0012710737
1479425693376682938,-0.0144665622385,-0.0012710737
1479425693426676831,-0.0101151292133,-0.0012710737
1479425693476676735,-0.008726646192370001,-0.0012710737
1479425693526661952,-0.0104719754308,-0.0012710737
1479425693576681169,-0.0116809769951,-0.0066567305
1479425693626739842,-0.012217304669299999,-0.0012710737
1479425693676742905,-0.0134074571007,-0.0012710737
1479425693726808647,-0.0142934642845,-0.0012710737
1479425693776716358,-0.0157079640776,-0.008150274
1479425693826762765,-0.019510152212900003,-0.006844493
1479425693876758302,-0.0209439508617,-0.0012710737
1479425693926890875,-0.0209439508617,-0.0012710737
1479425693976811744,-0.0191986225545,-0.0012710737
1479425694026755178,-0.0157079640776,-0.0012710737
1479425694076757684,-0.0139626339078,-0.0012710737
1479425694126818228,-0.0139626339078,-0.0012710737
1479425694176794177,-0.0157079640776,-0.0012710737
1479425694226783983,-0.0157079640776,-0.0012710737
1479425694276888076,-0.0157079640776,-0.0012710737
1479425694326842291,-0.0157079640776,-0.0012710737
1479425694376813606,-0.0157079640776,-0.0012710737
1479425694426939100,-0.0157079640776,-0.0031370856
1479425694476861951,-0.0157079640776,-0.0012710737
1479425694526839228,-0.013747191140299998,-0.0012710737
1479425694576858678,-0.012217304669299999,-0.0012710737
1479425694626862050,-0.0104719754308,-0.0017212279
1479425694676941893,-0.0104719754308,-0.009931052
1479425694726947356,-0.0104719754308,-0.0012710737
1479425694776930160,-0.008353547211109999,-0.006063665
1479425694826906254,-0.00349065847695,-0.018646766
1479425694876898853,-0.00349065847695,-0.029926796
1479425694926899045,-0.00349065847695,-0.031976853
1479425694976967285,-0.00349065847695,-0.04078851
1479425695026979230,-0.00349065847695,-0.042038865
1479425695077091949,-0.00523598771542,-0.04404929
1479425695126940139,-0.00523598771542,-0.031077474
1479425695176993559,-0.00349065847695,-0.020933826
1479425695226999951,-0.00336727367501,-0.02087862
1479425695277019740,-0.000764571010698,-0.03008525
1479425695326972605,0.00174532923847,-0.043623414
1479425695377031753,0.00369440377069,-0.022081994
1479425695427066080,0.0141671706105,-0.03048392
1479425695477044236,0.022875726815400003,-0.021200906
1479425695527048412,0.0279252678156,-0.019608214
1479425695577144232,0.0279252678156,-0.025596537
1479425695627074548,0.0279252678156,-0.0012710737
1479425695677140504,0.0279252678156,-0.0012710737
1479425695727159529,0.0279252678156,-0.0012710737
1479425695777073868,0.0288382438883,-0.0012710737
1479425695827135867,0.033191561872700004,-0.021699864
1479425695877070623,0.0375327019819,-0.017172247
1479425695927162003,0.038397245109099996,-0.0033962117
1479425695977121575,0.0375127337685,-0.0012710737
1479425696027169357,0.034882848661099995,-0.0012710737
1479425696077122819,0.0296641703794,-0.0012710737
1479425696127140086,0.0279219415948,-0.0012710737
1479425696177221421,0.026179939508400002,-0.0012710737
1479425696227146804,0.026179939508400002,-0.0012710737
1479425696277180744,0.026179939508400002,-0.033185776
1479425696327276358,0.026179939508400002,-0.035458926
1479425696377213331,0.026179939508400002,-0.026696
1479425696427165747,0.026179939508400002,-0.0012710737
1479425696477255983,0.026179939508400002,-0.0012710737
1479425696527269445,0.0244761441168,-0.0012710737
1479425696577195710,0.0209439508617,-0.0012710737
1479425696627308155,0.0209439508617,-0.0012710737
1479425696677251267,0.0209439508617,-0.003542175
1479425696727245411,0.0192745471359,-0.010104479
1479425696777305974,0.0191986225545,-0.03703217
1479425696827273367,0.0191986225545,-0.02018664
1479425696877293635,0.0191986225545,-0.02405331
1479425696927249874,0.0191986225545,-0.023435894
1479425696977348675,0.0174532923847,-0.03248853
1479425697027354643,0.0157079640776,-0.020969164
1479425697077354800,0.00895793876946,-0.018318307
1479425697127352173,0.00174532923847,-0.024282943
1479425697177332827,-0.0042309446127,-0.030852709
1479425697227329706,-0.0069813169539,-0.016662076
1479425697277437480,-0.00523598771542,-0.03405461
1479425697327399648,-0.00363841759196,-0.037510704
1479425697377409463,-0.00174532923847,-0.033932976
1479425697427417934,0.0,-0.02610742
1479425697477390611,0.0,-0.023133028
1479425697527421562,0.0,-0.03131607
1479425697577435182,0.0006857648574980001,-0.04200648
1479425697627414118,0.00174532923847,-0.030682757
1479425697677397738,0.00174532923847,-0.009309611
1479425697727398344,0.00174532923847,-0.009822083
1479425697777381487,0.00174532923847,-0.00590583
1479425697827482501,0.00174532923847,-0.0070707593
1479425697877448069,0.00174532923847,-0.01902778
1479425697927496073,0.00174532923847,-0.018634718
1479425697977493908,0.00174532923847,-0.045742057
1479425698027484153,0.00174532923847,-0.0400042
1479425698077663731,-0.000636426783454,-0.019256331
1479425698127490508,-0.00497370011782,-0.01729194
1479425698177531954,-0.0128241727951,-0.013727487
1479425698227498884,-0.0186497566884,-0.013638509
1479425698277519805,-0.023876554641900003,-0.020284392
1479425698327556013,-0.032316015709899996,-0.028835613
1479425698377528291,-0.0366519130766,-0.030202322
1479425698427512092,-0.0366519130766,-0.023555595
1479425698477682188,-0.0366519130766,-0.023096565
1479425698527561503,-0.035219175561300005,-0.023480367
1479425698577569537,-0.0349065847695,-0.025754191
1479425698627539242,-0.0349065847695,-0.02534268
1479425698677590707,-0.0349065847695,-0.013451568
1479425698727591031,-0.0349065847695,-0.0012710737
1479425698777591870,-0.0343811364849,-0.0012710737
1479425698827587552,-0.033514907061,-0.0012710737
1479425698877660538,-0.033161256462300004,-0.0012710737
1479425698927672001,-0.033161256462300004,-0.0012710737
1479425698977673179,-0.033161256462300004,-0.0012710737
1479425699027638807,-0.0317929906572,-0.0012710737
1479425699077669311,-0.0314159281552,-0.0012710737
1479425699127743537,-0.0314159281552,-0.0012710737
1479425699177651420,-0.029670597985400005,-0.0012710737
1479425699227620720,-0.0279252678156,-0.0012710737
1479425699277709042,-0.0279252678156,-0.0012710737
1479425699327641260,-0.0279252678156,-0.0012710737
1479425699377691209,-0.0279252678156,-0.0012710737
1479425699427725582,-0.0279252678156,-0.0012710737
1479425699477725764,-0.026179939508400002,-0.0012710737
1479425699527704528,-0.0231346704978,-0.0012710737
1479425699577715117,-0.015287107631999999,-0.0012710737
1479425699627759470,-0.00660897559078,-0.0012710737
1479425699677773831,0.00256925813592,-0.0012710737
1479425699727765123,0.011273232923700001,-0.0012710737
1479425699777815232,0.0161062602615,-0.0012710737
1479425699827796719,0.0174532923847,-0.0012710737
1479425699877783145,0.0153318091582,-0.0012710737
1479425699927902287,0.00797269237956,-0.0012710737
1479425699977766695,0.00174532923847,-0.0012710737
1479425700027813675,0.00297789631666,-0.0012710737
1479425700077858145,0.0069813169539,-0.0012710737
1479425700127849325,0.008204611827850001,-0.0012710737
1479425700177843374,0.012217304669299999,-0.0012710737
1479425700227835275,0.012217304669299999,-0.0012710737
1479425700277896172,0.0104719754308,-0.0012710737
1479425700327868975,0.0104719754308,-0.0012710737
1479425700377837091,0.00841335739895,-0.0012710737
1479425700427892426,0.0069813169539,-0.0012710737
1479425700477891334,0.0069813169539,-0.0012710737
1479425700527878128,0.0069813169539,-0.0012710737
1479425700577955789,0.0069813169539,-0.0012710737
1479425700627920618,0.00523598771542,-0.0012710737
1479425700677921159,0.00349065847695,-0.0012710737
1479425700728129952,0.00174532923847,-0.0012710737
1479425700777941055,0.00174532923847,-0.0012710737
1479425700828091916,0.00174532923847,-0.0012710737
1479425700877875846,0.00174532923847,-0.0012710737
1479425700927923623,0.00174532923847,-0.0012710737
1479425700977919099,0.00174532923847,-0.0012710737
1479425701027955778,0.00174532923847,-0.0012710737
1479425701078008088,0.00349065847695,-0.0012710737
1479425701128069034,0.00349065847695,-0.0012710737
1479425701178003417,0.00523598771542,-0.0012710737
1479425701228091317,0.00523598771542,-0.0012710737
1479425701277969709,0.0054265638819,-0.0012710737
1479425701327996258,0.010846659236,-0.0012710737
1479425701378596876,0.017683400106200002,-0.0012710737
1479425701428025226,0.0209439508617,-0.0012710737
1479425701478010043,0.024434609338599998,-0.0012710737
1479425701528078546,0.024434609338599998,-0.0012710737
1479425701578057071,0.0225325408642,-0.0012710737
1479425701628129371,0.0209439508617,-0.0012710737
1479425701678089044,0.0191986225545,-0.0012710737
1479425701728107788,0.0191986225545,-0.0012710737
1479425701778139755,0.0191986225545,-0.0012710737
1479425701828190188,0.0191986225545,-0.009662583
1479425701878092664,0.0191986225545,-0.01379189
1479425701928145562,0.0191986225545,-0.009917675
1479425701978214976,0.0191986225545,-0.011092331
1479425702028156043,0.0191986225545,-0.0019230177
1479425702078234351,0.0191986225545,-0.005521195
1479425702128158221,0.0191986225545,-0.009794576
1479425702178163543,0.0191986225545,-0.0012710737
1479425702228179050,0.0191986225545,-0.0012710737
1479425702278236503,0.0191986225545,-0.0012710737
1479425702328219853,0.0191986225545,-0.0012710737
1479425702378250397,0.0174532923847,-0.0012710737
1479425702428257830,0.0191986225545,-0.0012710737
1479425702478217142,0.0191986225545,-0.0012710737
1479425702528253135,0.0191986225545,-0.0012710737
1479425702578292577,0.0191986225545,-0.0012710737
1479425702628402178,0.0191986225545,-0.0012710737
1479425702678092925,0.0174561102469,-0.0076868427
1479425702728134223,0.0174532923847,-0.0021299727
1479425702778188524,0.0157167783035,-0.0012710737
1479425702828149224,0.0157079640776,-0.0012710737
1479425702879047550,0.012167967290299998,-0.0012710737
1479425702928217508,0.0104719754308,-0.0012710737
1479425702978322973,0.0104719754308,-0.0047777873
1479425703028379586,0.0104719754308,-0.0012710737
1479425703078360011,0.0104719754308,-0.015154951
1479425703128366304,0.012217304669299999,-0.0039081275
1479425703178466994,0.012217304669299999,-0.0012710737
1479425703228431868,0.0139626339078,-0.0017420547
1479425703278428711,0.0157079640776,-0.0012710737
1479425703328454149,0.0139626339078,-0.0012710737
1479425703378430411,0.0157079640776,-0.0012710737
1479425703428386568,0.0139626339078,-0.0012710737
1479425703478417600,0.012217304669299999,-0.0012710737
1479425703528432211,0.0104719754308,-0.0012710737
1479425703578506654,0.0104719754308,-0.0012710737
1479425703628557468,0.0104719754308,-0.0012710737
1479425703678476430,0.00884632527565,-0.0012710737
1479425703728559905,0.00547265918472,-0.0012710737
1479425703778461408,-0.0014722561203399998,-0.0012710737
1479425703828547566,-0.006703717381859999,-0.0012710737
1479425703878544081,-0.012070961538700001,-0.0012710737
1479425703928533911,-0.0139626339078,-0.0012710737
1479425703978529192,-0.0139626339078,-0.0012710737
1479425704028555040,-0.0139626339078,-0.0012710737
1479425704078519090,-0.0139626339078,-0.0012710737
1479425704128610778,-0.0132697803364,-0.0012710737
1479425704178525878,-0.012217304669299999,-0.0012710737
1479425704228556832,-0.012217304669299999,-0.0012710737
1479425704278570264,-0.012217304669299999,-0.0012710737
1479425704328600969,-0.012217304669299999,-0.0012710737
1479425704379130824,-0.012217304669299999,-0.0012710737
1479425704428640172,-0.012217304669299999,-0.0012710737
1479425704478582625,-0.012217304669299999,-0.0012710737
1479425704528674328,-0.012217304669299999,-0.0012710737
1479425704578578909,-0.012217304669299999,-0.0012710737
1479425704628619371,-0.0104719754308,-0.0012710737
1479425704678744169,-0.0074734017556899995,-0.0012710737
1479425704728653846,-0.00523598771542,-0.0012710737
1479425704778666292,-0.00349065847695,-0.0012710737
1479425704828699388,-0.00349065847695,-0.0012710737
1479425704878667599,-0.00174532923847,-0.0012710737
1479425704928677223,-0.00174532923847,-0.0012710737
1479425704978688984,-0.00174532923847,-0.0012710737
1479425705028726686,0.0,-0.0012710737
1479425705078704392,0.00143941062877,-0.0012710737
1479425705128704070,0.00174532923847,-0.0012710737
1479425705178746945,0.006349726326640001,-0.0012710737
1479425705228746671,0.008726646192370001,-0.0012710737
1479425705278739992,0.0104719754308,-0.0012710737
1479425705328788855,0.012217304669299999,-0.0012710737
1479425705378722456,0.012217304669299999,-0.0012710737
1479425705428678494,0.011710141634500001,0.005096707
1479425705478700164,0.0104719754308,0.010647948
1479425705528822869,0.0104719754308,0.017351363
1479425705578701966,0.0104719754308,0.020876039
1479425705628769026,0.0104719754308,0.029595014
1479425705678805093,0.00910887765361,0.0378066
1479425705728836852,0.008726646192370001,0.024900485
1479425705778732259,0.0100666213043,0.005318371
1479425705829117826,0.008726646192370001,0.00495687
1479425705879554724,0.0104719754308,0.008848086
1479425705928852502,0.0104719754308,0.03212388
1479425705978836415,0.010046461646399999,0.036509454
1479425706028835548,0.008726646192370001,0.03584763
1479425706078866287,0.008726646192370001,0.018823352
1479425706128908212,0.008726646192370001,0.047970444
1479425706178787058,0.008726646192370001,0.040795416
1479425706228927887,0.008726646192370001,0.040877786
1479425706278926978,0.008726646192370001,0.029334955
1479425706328947387,0.008726646192370001,0.00090633216
1479425706378971755,0.00999749299636,-0.0012710737
1479425706428904921,0.012217304669299999,-0.0012710737
1479425706478927558,0.0139626339078,0.011446962
1479425706529006069,0.0157079640776,0.020885408
1479425706578954622,0.0186942500161,0.04429627
1479425706628937782,0.021302542724700002,0.03734466
1479425706679021953,0.0274136937484,0.06308795
1479425706729109390,0.0321384935381,0.08891392
1479425706778977181,0.039613083285599995,0.08459633
1479425706829013086,0.042224597686300006,0.07635374
1479425706879007232,0.04363323003050001,0.070283264
1479425706929081692,0.04363323003050001,0.0759612
1479425706979071674,0.044826271727599995,0.060090423
1479425707029130275,0.0471238903701,0.04027503
1479425707079040625,0.0500378116537,0.028989859
1479425707129098414,0.0506145469844,0.0115296515
1479425707179058704,0.0506145469844,0.010116035
1479425707229126643,0.0506145469844,0.018218108
1479425707279103958,0.0506145469844,0.011124525
1479425707329811664,0.050286492225400006,0.015840523
1479425707379195127,0.0488692186773,0.019353934
1479425707429167727,0.0488692186773,0.0103572365
1479425707479232383,0.0471238903701,0.00232536
1479425707529110412,0.0471238903701,-0.0012710737
1479425707579151770,0.0471238903701,-0.0012710737
1479425707629105266,0.045378562063,-0.0012710737
1479425707679154752,0.044282168976800006,-0.0012710737
1479425707729162436,0.04363323003050001,-0.0012710737
1479425707779175763,0.040813314244599996,-0.0012710737
1479425707829221595,0.038397245109099996,-0.0012710737
1479425707879224404,0.038397245109099996,-0.0012710737
1479425707929188245,0.0382067291099,-0.0012710737
1479425707979286172,0.0366519130766,-0.0012710737
1479425708029303276,0.0349065847695,-0.0012710737
1479425708079311235,0.0349065847695,-0.0012710737
1479425708129313273,0.0349065847695,-0.0012710737
1479425708179263200,0.0349065847695,-0.0012710737
1479425708229273175,0.033161256462300004,-0.0012710737
1479425708279275401,0.033161256462300004,-0.0012710737
1479425708329269516,0.033161256462300004,-0.0012710737
1479425708379460691,0.033161256462300004,-0.0012710737
1479425708429319155,0.033161256462300004,-0.0012710737
1479425708479330310,0.033161256462300004,-0.0012710737
1479425708529379345,0.0314159281552,-0.0012710737
1479425708579359824,0.0286888984559,-0.0012710737
1479425708629419778,0.026089015999599997,-0.0012710737
1479425708679330930,0.0234705376874,-0.0012710737
1479425708729349824,0.0226892810315,-0.0012710737
1479425708779345965,0.0209439508617,-0.0012710737
1479425708829857789,0.0191986225545,-0.0012710737
1479425708879383747,0.0191986225545,-0.0012710737
1479425708929427928,0.0191435870967,-0.0012710737
1479425708979443919,0.0174532923847,-0.0012710737
1479425709029342547,0.0157079640776,-0.0012710737
1479425709079415584,0.0157079640776,-0.0025858125
1479425709129431650,0.0157079640776,-0.0012710737
1479425709179444660,0.0157079640776,-0.0012710737
1479425709229449687,0.0157079640776,-0.0012710737
1479425709279479553,0.0157079640776,-0.0012710737
1479425709329473812,0.0139626339078,-0.0012710737
1479425709379515913,0.0139626339078,-0.0012710737
1479425709429503743,0.0139626339078,-0.003814328
1479425709479469461,0.0139626339078,-0.022439983
1479425709529546267,0.0139626339078,-0.028807342
1479425709579563169,0.012217304669299999,-0.029301945
1479425709629476043,0.012217304669299999,-0.018441334
1479425709679589242,0.012217304669299999,-0.0150752235
1479425709729506310,0.012217304669299999,-0.020089146
1479425709779565868,0.012217304669299999,-0.028504707
1479425709829618424,0.010526082242399998,-0.03314037
1479425709879543404,0.0069813169539,-0.04445711
1479425709929649994,0.00529985590462,-0.054482102
1479425709979551445,0.00349065847695,-0.047407426
1479425710029592427,0.00174532923847,-0.04588876
1479425710079602517,0.00174532923847,-0.02820858
1479425710129643407,0.00174532923847,-0.016937196
1479425710179635110,0.00174532923847,-0.0065606195
1479425710229622750,0.00174532923847,-0.017576054
1479425710279631948,0.00174532923847,-0.0012710737
1479425710329662643,0.00174532923847,-0.007996366
1479425710379670187,0.00174532923847,-0.022297114
1479425710429617164,-0.0016072650809400002,-0.03967283
1479425710479681139,-0.008444849519569999,-0.03786416
1479425710529703062,-0.0171540854505,-0.040475987
1479425710579634254,-0.026874777843999997,-0.054788165
1479425710629671528,-0.029670597985400005,-0.07749712
1479425710679640512,-0.029670597985400005,-0.07185038
1479425710729699932,-0.029670597985400005,-0.046932507
1479425710779660492,-0.0279252678156,-0.03388388
1479425710829646441,-0.0294730706071,-0.008686043
1479425710879730799,-0.029670597985400005,-0.0012710737
1479425710929721361,-0.029670597985400005,-0.0012710737
1479425710979889097,-0.029670597985400005,-0.01904009
1479425711029735091,-0.0329413257679,-0.006691634
1479425711079789262,-0.039049100477,-0.0030630915
1479425711129752460,-0.04165765649830001,-0.022370748
1479425711179746024,-0.0418879017234,-0.036433324
1479425711229786153,-0.0418879017234,-0.046057772
1479425711279758020,-0.0418879017234,-0.041576933
1479425711329749454,-0.0418879017234,-0.043457545
1479425711379740357,-0.0401425734162,-0.03716656
1479425711429772811,-0.0416146865761,-0.031164516
1479425711479763235,-0.0401425734162,-0.031454943
1479425711529769332,-0.0401425734162,-0.031026963
1479425711579885670,-0.0407300900462,-0.021871965
1479425711629854054,-0.0418879017234,-0.02290443
1479425711679881125,-0.0418879017234,-0.02473912
1479425711729837417,-0.0433215196421,-0.01696644
1479425711779789881,-0.04363323003050001,-0.0012710737
1479425711829827057,-0.045378562063,-0.002809155
1479425711879844178,-0.045378562063,-0.0012710737
1479425711929858866,-0.045378562063,-0.0012710737
1479425711979854828,-0.0511409226299,-0.0037358953
1479425712029955155,-0.0572511968599,-0.002021893
1479425712079968624,-0.05934119597080001,-0.0012710737
1479425712129901246,-0.05934119597080001,-0.0012710737
1479425712179971285,-0.05883629793930001,-0.0012710737
1479425712229996158,-0.0544781002976,-0.0012710737
1479425712279921244,-0.0523598790169,-0.0012710737
1479425712329941733,-0.0523598790169,-0.0012710737
1479425712380006708,-0.0523598790169,-0.0012710737
1479425712429969651,-0.0523598790169,0.023303252
1479425712480027275,-0.054105207324,0.018208373
1479425712530031785,-0.054105207324,0.017128356
1479425712579998885,-0.054105207324,0.0064345775
1479425712630093733,-0.054105207324,0.012983902
1479425712679993379,-0.0558505356312,-0.0012710737
1479425712730005783,-0.0588981781097,-0.0012710737
1479425712780126671,-0.0628318563104,-0.0012710737
1479425712830129615,-0.0641276290074,-0.021909785
1479425712880013596,-0.0641695663507,-0.025127228
1479425712930186050,-0.0628318563104,-0.0460876
1479425712980060355,-0.0628318563104,-0.047031306
1479425713030062580,-0.0628318563104,-0.045584366
1479425713080209546,-0.06457718461749999,-0.06400767
1479425713130205928,-0.06758045378069999,-0.08503698
1479425713180157277,-0.0680678412318,-0.093294114
1479425713230207483,-0.069311766631,-0.114922665
1479425713280089184,-0.07191412180819999,-0.12356772
1479425713330221218,-0.07628146302739999,-0.13016798
1479425713380103832,-0.0823696519523,-0.12135989
1479425713430125632,-0.08968362169230001,-0.12103231
1479425713480177194,-0.0963265678912,-0.11984969
1479425713530222460,-0.103634950736,-0.10913463
1479425713580142845,-0.110266622788,-0.09155909
1479425713630216006,-0.11344639957000001,-0.0904925
1479425713680197157,-0.11344639957000001,-0.09430245
1479425713730258703,-0.11344639957000001,-0.09177082
1479425713780251661,-0.11344639957000001,-0.08606902
1479425713830095612,-0.11344639957000001,-0.08449484
1479425713880146908,-0.115191727877,-0.08183911
1479425713930231652,-0.12097396123500001,-0.082556024
1479425713980231782,-0.12592851783,-0.09689485
1479425714030246805,-0.132027282619,-0.09812468
1479425714080250728,-0.136387917778,-0.10588542
1479425714130242988,-0.13788101077099998,-0.098287046
1479425714180234054,-0.139626339078,-0.10341047
1479425714230287152,-0.139626339078,-0.111096054
1479425714280304441,-0.13788101077099998,-0.11010222
1479425714330270667,-0.13788101077099998,-0.11296066
1479425714380392387,-0.13788101077099998,-0.114216946
1479425714430326238,-0.13788101077099998,-0.12298506
1479425714480339126,-0.13788101077099998,-0.11958088
1479425714530364341,-0.138948143296,-0.109506145
1479425714580327171,-0.13788101077099998,-0.09764361
1479425714630335889,-0.135780071292,-0.102527365
1479425714680373362,-0.134390354156,-0.08663853
1479425714730378921,-0.133351372634,-0.08514487
1479425714780419749,-0.130576757841,-0.084394865
1479425714830386617,-0.126382753799,-0.08153566
1479425714880513535,-0.127409040928,-0.06647296
1479425714930401471,-0.126397426167,-0.07795164
1479425714980580597,-0.120282192445,-0.06682657
1479425715030458848,-0.115936909432,-0.06005499
1479425715080484281,-0.11145401300999999,-0.06675256
1479425715130476163,-0.10273892610200001,-0.08533519
1479425715180407258,-0.0994837656617,-0.08278572
1479425715230521220,-0.0977384373546,-0.06718599
1479425715280471610,-0.09782806509910001,-0.08169512
1479425715330439850,-0.10043600959799999,-0.07818607
1479425715380475158,-0.10471975803400001,-0.06882247
1479425715430473100,-0.105665483949,-0.06434893
1479425715480567071,-0.106534988805,-0.07643241
1479425715530592400,-0.108210414648,-0.068867624
1479425715580528567,-0.108210414648,-0.08140981
1479425715630555696,-0.108210414648,-0.08969382
1479425715680555056,-0.108210414648,-0.092988476
1479425715730541418,-0.108210414648,-0.08841647
1479425715780534606,-0.11172509240900001,-0.08517013
1479425715830609666,-0.11523876515699999,-0.092020385
1479425715880589995,-0.122199994534,-0.08806348
1479425715930563501,-0.125663712621,-0.09601709
1479425715980589143,-0.125663712621,-0.08967222
1479425716030580104,-0.125663712621,-0.09307889
1479425716080630113,-0.125663712621,-0.09530818
1479425716130584451,-0.125663712621,-0.10947769
1479425716180631063,-0.125663712621,-0.100387536
1479425716230631552,-0.125663712621,-0.08735857
1479425716280653086,-0.125663712621,-0.09276501
1479425716330645778,-0.125663712621,-0.088231064
1479425716380686900,-0.125663712621,-0.08726351
1479425716430670283,-0.127409040928,-0.11171303
1479425716480728101,-0.127409040928,-0.123507895
1479425716530702505,-0.12915436923499998,-0.12145539
1479425716580640673,-0.12915436923499998,-0.13684595
1479425716630762294,-0.130899697542,-0.13889568
1479425716680714641,-0.13264502584899998,-0.15429056
1479425716730716129,-0.135163859534,-0.18089174
1479425716780780610,-0.141169825938,-0.15499425
1479425716830744509,-0.14660765230699999,-0.13673142
1479425716880782274,-0.14660765230699999,-0.11311147
1479425716930744403,-0.144862323999,-0.12354825
1479425716980747514,-0.144862323999,-0.12252927
1479425717030785711,-0.138892149668,-0.11418737
1479425717080905661,-0.13291008817299999,-0.124571234
1479425717130791876,-0.128438435693,-0.114484295
1479425717180926026,-0.125663712621,-0.091227956
1479425717230822514,-0.12147097820999998,-0.09296591
1479425717280900950,-0.115516465737,-0.10101425
1479425717330821704,-0.11101708789999999,-0.12698747
1479425717380824460,-0.10510832258899999,-0.1172144
1479425717430847659,-0.10297442227600001,-0.12764403
1479425717480973422,-0.102784558949,-0.12551352
1479425717530871130,-0.10471975803400001,-0.124515176
1479425717580862920,-0.10799853147800001,-0.12142086
1479425717630876764,-0.11344639957000001,-0.11489941
1479425717681117905,-0.12002282336799999,-0.11239866
1479425717731023768,-0.12217304855599999,-0.12089622
1479425717780973123,-0.123918376863,-0.12017488
1479425717830916744,-0.125663712621,-0.1257201
1479425717881031237,-0.130657524415,-0.11355866
1479425717930913007,-0.135620033,-0.12987478
1479425717981008288,-0.142587055026,-0.12671578
1479425718030945901,-0.144862323999,-0.118713126
1479425718080984850,-0.144862323999,-0.100975364
1479425718130946387,-0.14602058632,-0.07081413
1479425718180943730,-0.148052121148,-0.06394525
1479425718231023387,-0.14660765230699999,-0.05331367
1479425718281010045,-0.145179269976,-0.06995995
1479425718331010155,-0.144862323999,-0.07474355
1479425718380976608,-0.143433601653,-0.069356665
1479425718431065768,-0.143116995692,-0.09059436
1479425718481027236,-0.139964173232,-0.08508047
1479425718531057260,-0.137345045386,-0.090520486
1479425718581037161,-0.134390354156,-0.06444738
1479425718631018111,-0.133147685461,-0.02481044
1479425718681062043,-0.134390354156,-0.016257647
1479425718731082763,-0.134390354156,-0.012928623
1479425718781062356,-0.133033197118,-0.0030532482
1479425718831131306,-0.13264502584899998,-0.0012710737
1479425718881139339,-0.131294328677,-0.0012710737
1479425718931090394,-0.130899697542,-0.0012710737
1479425718981141006,-0.130899697542,-0.0012710737
1479425719031130839,-0.130899697542,-0.008538419
1479425719081111584,-0.129570840036,-0.0012710737
1479425719131164819,-0.125663712621,0.039211083
1479425719181111516,-0.12261610202199999,0.044716347
1479425719231187419,-0.11344490285299999,0.052866936
1479425719281213085,-0.0977286856704,0.07354968
1479425719331184136,-0.0768096907256,0.08151493
1479425719381175617,-0.062435753513,0.07416358
1479425719431181636,-0.0601767685062,0.101381704
1479425719481184645,-0.0714295261505,-0.045707684
1479425719531210381,-0.0931838060018,-0.07231505
1479425719581232314,-0.12108861898,-0.07706462
1479425719631219996,-0.13827153929400002,-0.08250181
1479425719681268780,-0.13788101077099998,-0.079535134
1479425719731264417,-0.131893903772,-0.06600853
1479425719781262693,-0.125663712621,-0.08436535
1479425719831276356,-0.120064495548,-0.103770524
1479425719881419974,-0.11394972709899999,-0.11254125
1479425719931414543,-0.11344639957000001,-0.089551285
1479425719981321507,-0.115191727877,-0.07988627
1479425720031300599,-0.115191727877,-0.085335694
1479425720081346893,-0.11344639957000001,-0.07745872
1479425720131269683,-0.11344639957000001,-0.077592544
1479425720181373910,-0.11464170662,-0.07926692
1479425720231334733,-0.115191727877,-0.090255566
1479425720281331591,-0.115191727877,-0.07985813
1479425720331302374,-0.109365765918,-0.08802908
1479425720381363046,-0.102386332744,-0.079910316
1479425720431335470,-0.0974575238333,-0.1312331
1479425720481412110,-0.091937831372,-0.11728216
1479425720531376518,-0.08901178836819999,-0.061540276
1479425720581393603,-0.08901178836819999,-0.08147939
1479425720631398027,-0.090757124126,-0.08151115
1479425720681517212,-0.090757124126,-0.13594821
1479425720731420306,-0.090757124126,-0.10974615
1479425720781425602,-0.090757124126,-0.09912619
1479425720831471166,-0.09099523796810001,-0.16563025
1479425720881517725,-0.09250245243310001,-0.08014358
1479425720931436208,-0.09752234334339999,-0.08052201
1479425720981458366,-0.09250245243310001,-0.04031315
1479425721031504367,-0.08726646006110002,0.013040925
1479425721081455633,-0.0865923565013,0.0097610885
1479425721131548477,-0.085719370653,-0.056605067
1479425721181509306,-0.088327070829,-0.011108614
1479425721231458038,-0.08901178836819999,-0.075555526
1479425721281465449,-0.08901178836819999,-0.1135966
1479425721331544838,-0.08901178836819999,-0.15628988
1479425721381536375,-0.08901178836819999,-0.2076107
1479425721431527816,-0.08901178836819999,-0.05688301
1479425721481558714,-0.08901178836819999,-0.07385256
1479425721531544681,-0.08901178836819999,-0.06432088
1479425721581693323,-0.0900288927472,-0.061920542
1479425721631593072,-0.08901178836819999,-0.07355611
1479425721681585081,-0.08901178836819999,-0.061950065
1479425721731673391,-0.08726646006110002,-0.075385086
1479425721781662176,-0.0880257928033,-0.0671409
1479425721831580656,-0.08726646006110002,-0.04679693
1479425721881751009,-0.08726646006110002,-0.060223922
